TQ1 1AA,1
TQ1 1AD,1
TQ1 1AE,2
TQ1 1AF,1
TQ1 1AG,1
TQ1 1AH,1
TQ1 1AJ,1
TQ1 1AL,2
TQ1 1AN,4
TQ1 1AP,1
TQ1 1BA,1
TQ1 1BB,1
TQ1 1BD,6
TQ1 1BE,6
TQ1 1BG,1
TQ1 1BH,1
TQ1 1BJ,1
TQ1 1BL,1
TQ1 1BN,1
TQ1 1BP,1
TQ1 1BQ,1
TQ1 1BS,1
TQ1 1BT,1
TQ1 1BU,1
TQ1 1BW,1
TQ1 1BX,1
TQ1 1BY,1
TQ1 1BZ,1
TQ1 1DA,1
TQ1 1DB,1
TQ1 1DD,1
TQ1 1DE,1
TQ1 1DF,1
TQ1 1DG,1
TQ1 1DH,1
TQ1 1DJ,6
TQ1 1DL,1
TQ1 1DN,1
TQ1 1DP,1
TQ1 1DR,1
TQ1 1DS,1
TQ1 1DT,1
TQ1 1DU,1
TQ1 1DW,1
TQ1 1DY,1
TQ1 1DZ,1
TQ1 1EA,1
TQ1 1EB,1
TQ1 1ED,1
TQ1 1EE,1
TQ1 1EF,1
TQ1 1EG,1
TQ1 1EH,1
TQ1 1EJ,1
TQ1 1EL,1
TQ1 1EN,1
TQ1 1EP,1
TQ1 1EQ,4
TQ1 1ER,1
TQ1 1ES,1
TQ1 1ET,1
TQ1 1EU,1
TQ1 1EW,1
TQ1 1EX,1
TQ1 1EY,1
TQ1 1EZ,1
TQ1 1FA,1
TQ1 1HA,1
TQ1 1HB,1
TQ1 1HD,2
TQ1 1HE,2
TQ1 1HF,1
TQ1 1HG,1
TQ1 1HH,1
TQ1 1HJ,2
TQ1 1HL,4
TQ1 1HN,4
TQ1 1HP,1
TQ1 1HQ,1
TQ1 1HR,1
TQ1 1HS,1
TQ1 1HT,1
TQ1 1HU,1
TQ1 1HW,4
TQ1 1HX,1
TQ1 1HY,1
TQ1 1HZ,1
TQ1 1JA,1
TQ1 1JB,1
TQ1 1JD,1
TQ1 1JE,1
TQ1 1JF,1
TQ1 1JG,1
TQ1 1JH,2
TQ1 1JJ,5
TQ1 1JL,5
TQ1 1JN,5
TQ1 1JP,5
TQ1 1JQ,2
TQ1 1JR,5
TQ1 1JS,5
TQ1 1JT,5
TQ1 1JU,5
TQ1 1JW,5
TQ1 1JX,5
TQ1 1JY,5
TQ1 1JZ,5
TQ1 1LA,1
TQ1 1LB,1
TQ1 1LD,2
TQ1 1LE,5
TQ1 1LF,5
TQ1 1LG,1
TQ1 1LH,1
TQ1 1LJ,1
TQ1 1LL,2
TQ1 1LN,2
TQ1 1LP,2
TQ1 1LQ,1
TQ1 1LR,1
TQ1 1LS,1
TQ1 1LT,1
TQ1 1LU,2
TQ1 1LW,2
TQ1 1LX,2
TQ1 1LY,2
TQ1 1LZ,2
TQ1 1NA,2
TQ1 1NB,2
TQ1 1ND,2
TQ1 1NE,2
TQ1 1NF,1
TQ1 1NG,2
TQ1 1NL,1
TQ1 1NN,1
TQ1 1NP,1
TQ1 1NR,1
TQ1 1NS,1
TQ1 1NT,1
TQ1 1NU,2
TQ1 1NW,1
TQ1 1NX,1
TQ1 1NY,2
TQ1 1NZ,2
TQ1 1PA,2
TQ1 1PB,2
TQ1 1PD,5
TQ1 1PE,2
TQ1 1PF,5
TQ1 1PG,5
TQ1 1PH,2
TQ1 1PJ,2
TQ1 1PL,1
TQ1 1PN,2
TQ1 1PP,2
TQ1 1PQ,2
TQ1 1PR,4
TQ1 1PS,2
TQ1 1PT,2
TQ1 1PU,2
TQ1 1PW,4
TQ1 1PX,2
TQ1 1PY,2
TQ1 1PZ,2
TQ1 1QA,2
TQ1 1QB,2
TQ1 1QD,2
TQ1 1QE,2
TQ1 1QF,2
TQ1 1QG,1
TQ1 1QH,1
TQ1 1QJ,2
TQ1 1QL,2
TQ1 1QN,2
TQ1 1QP,4
TQ1 1QQ,1
TQ1 1QR,2
TQ1 1QS,2
TQ1 1QT,2
TQ1 1QU,2
TQ1 1QW,2
TQ1 1QX,2
TQ1 1QY,2
TQ1 1QZ,2
TQ1 1RA,4
TQ1 1RB,2
TQ1 1RD,2
TQ1 1RE,1
TQ1 1RF,1
TQ1 1RG,1
TQ1 1RH,2
TQ1 1RJ,2
TQ1 1RL,2
TQ1 1RN,4
TQ1 1RP,2
TQ1 1RQ,1
TQ1 1RR,4
TQ1 1RS,2
TQ1 1RT,2
TQ1 1RU,2
TQ1 1RW,2
TQ1 1RX,2
TQ1 1RY,2
TQ1 1RZ,2
TQ1 1SA,4
TQ1 1SB,4
TQ1 1SD,4
TQ1 1SE,4
TQ1 1SF,4
TQ1 1SG,4
TQ1 1SH,2
TQ1 1SJ,2
TQ1 1SL,4
TQ1 1SN,4
TQ1 1SP,5
TQ1 1SQ,4
TQ1 1SR,5
TQ1 1SS,2
TQ1 1ST,2
TQ1 1SU,2
TQ1 1SW,4
TQ1 1SX,2
TQ1 1SY,2
TQ1 1SZ,2
TQ1 1TA,2
TQ1 1TB,1
TQ1 1TD,1
TQ1 1TE,1
TQ1 1TF,1
TQ1 1TG,1
TQ1 1TH,2
TQ1 1TJ,4
TQ1 1TL,2
TQ1 1TN,2
TQ1 1TP,2
TQ1 1TR,2
TQ1 1TS,2
TQ1 1TT,4
TQ1 1TU,4
TQ1 1TW,2
TQ1 1TX,2
TQ1 1TY,1
TQ1 1TZ,4
TQ1 1UA,1
TQ1 1UB,1
TQ1 1UD,1
TQ1 1UE,1
TQ1 1UF,1
TQ1 1UG,1
TQ1 1UH,2
TQ1 1UL,2
TQ1 1UN,2
TQ1 1UP,2
TQ1 1UR,2
TQ1 1UU,2
TQ1 1UX,2
TQ1 1UY,2
TQ1 1UZ,2
TQ1 1WA,2
TQ1 1WB,2
TQ1 1WD,2
TQ1 1WE,2
TQ1 1WF,2
TQ1 1WG,2
TQ1 1WH,6
TQ1 1WJ,6
TQ1 1WN,6
TQ1 1WQ,6
TQ1 1WW,6
TQ1 1WX,2
TQ1 1WY,6
TQ1 1WZ,6
TQ1 1XA,2
TQ1 1XB,6
TQ1 1XH,1
TQ1 1XJ,6
TQ1 1XN,6
TQ1 1XQ,6
TQ1 1XR,1
TQ1 1XS,1
TQ1 1XT,6
TQ1 1XU,1
TQ1 1XW,2
TQ1 1XX,1
TQ1 1XY,1
TQ1 1XZ,2
TQ1 1YA,8
TQ1 1YB,6
TQ1 1YD,8
TQ1 1YE,8
TQ1 1YF,8
TQ1 1YG,2
TQ1 1YH,6
TQ1 1YJ,8
TQ1 9DJ,6
TQ1 9DL,6
TQ1 9DN,6
TQ1 9DP,6
TQ1 9DQ,6
TQ1 9DR,6
TQ1 9DS,6
TQ1 9DT,6
TQ1 9DU,6
TQ1 9DW,6
TQ1 9DX,6
TQ1 9DY,6
TQ1 9DZ,6
TQ1 9EA,6
TQ1 9EB,6
TQ1 9ED,6
TQ1 9EE,6
TQ1 9EF,6
TQ1 9EH,6
TQ1 9EJ,6
TQ1 9EL,6
TQ1 9EN,6
TQ1 9EP,6
TQ1 9EQ,6
TQ1 9ER,6
TQ1 9ES,6
TQ1 9ET,6
TQ1 9EU,6
TQ1 9EW,6
TQ1 9EX,6
TQ1 9EY,6
TQ1 9EZ,6
TQ1 9FA,6
TQ1 9FB,6
TQ1 9FD,6
TQ1 9FE,6
TQ1 9FF,6
TQ1 9FG,6
TQ1 9FH,6
TQ1 9FJ,6
TQ1 9FL,6
TQ1 9FN,6
TQ1 9FP,6
TQ1 9FR,6
TQ1 9FS,6
TQ1 9FT,6
TQ1 9FU,6
TQ1 9FW,6
TQ1 9FX,6
TQ1 9FY,6
TQ1 9FZ,6
TQ1 9GA,6
TQ1 9GB,6
TQ1 9GD,6
TQ1 9GE,6
TQ1 9GF,6
TQ1 9GG,6
TQ1 9GH,6
TQ1 9GJ,6
TQ1 9GL,6
TQ1 9GN,6
TQ1 9GP,6
TQ1 9GQ,6
TQ1 9GR,6
TQ1 9GS,6
TQ1 9GT,6
TQ1 9GU,6
TQ1 9GW,6
TQ1 9GX,6
TQ1 9GY,6
TQ1 9GZ,6
TQ1 9HA,6
TQ1 9HB,6
TQ1 9HD,6
TQ1 9HE,6
TQ1 9HF,6
TQ1 9HG,6
TQ1 9HH,6
TQ1 9HJ,6
TQ1 9HL,6
TQ1 9HN,6
TQ1 9HP,6
TQ1 9HQ,6
TQ1 9HR,6
TQ1 9HS,6
TQ1 9HT,6
TQ1 9HU,6
TQ1 9HW,6
TQ1 9HX,6
TQ1 9HY,6
TQ1 9HZ,6
TQ1 9JA,6
TQ1 9JB,6
TQ1 9JD,6
TQ1 9JF,6
TQ1 9JG,6
TQ1 9PF,6
TQ1 9SA,1
TQ1 9SB,1
TQ1 9SD,1
TQ1 9SE,1
TQ1 9SF,1
TQ1 9SG,1
TQ1 9SH,1
TQ1 9SJ,1
TQ1 9SL,1
TQ1 9SN,1
TQ1 9SP,1
TQ1 9SQ,1
TQ1 9SR,1
TQ1 9SS,1
TQ1 9ST,1
TQ1 9SU,1
TQ1 9ZZ,6
TQ109AA,7
TQ109AB,7
TQ109AD,7
TQ109AE,7
TQ109AF,5
TQ109AG,7
TQ109AH,7
TQ109AJ,7
TQ109AL,7
TQ109AN,7
TQ109AP,7
TQ109AQ,5
TQ109AR,7
TQ109AS,7
TQ109AT,7
TQ109AU,7
TQ109AW,7
TQ109AX,7
TQ109AY,7
TQ109AZ,7
TQ109BA,7
TQ109BB,7
TQ109BD,7
TQ109BE,7
TQ109BG,7
TQ109BH,7
TQ109BJ,7
TQ109BL,7
TQ109BN,7
TQ109BP,7
TQ109BQ,7
TQ109BS,7
TQ109BT,5
TQ109BU,7
TQ109BW,7
TQ109BX,7
TQ109BY,7
TQ109BZ,5
TQ109DA,5
TQ109DB,5
TQ109DD,5
TQ109DE,5
TQ109DF,5
TQ109DG,5
TQ109DH,7
TQ109DJ,7
TQ109DL,5
TQ109DN,7
TQ109DP,5
TQ109DQ,5
TQ109DR,5
TQ109DS,5
TQ109DT,5
TQ109DU,5
TQ109DW,7
TQ109DX,5
TQ109DY,7
TQ109DZ,7
TQ109EA,5
TQ109EB,5
TQ109ED,5
TQ109EE,5
TQ109EF,5
TQ109EG,5
TQ109EH,5
TQ109EJ,5
TQ109EL,5
TQ109EN,7
TQ109EP,6
TQ109EQ,5
TQ109ER,6
TQ109ES,6
TQ109ET,5
TQ109EU,5
TQ109EW,5
TQ109EX,7
TQ109EY,5
TQ109EZ,5
TQ109FA,5
TQ109FB,5
TQ109FD,6
TQ109FE,5
TQ109FF,5
TQ109FG,5
TQ109FH,5
TQ109GQ,6
TQ109HA,6
TQ109HB,6
TQ109HD,6
TQ109HE,6
TQ109HF,6
TQ109HG,6
TQ109HH,6
TQ109HJ,6
TQ109HL,6
TQ109HN,7
TQ109HP,6
TQ109HQ,6
TQ109HR,5
TQ109HT,5
TQ109HU,5
TQ109HX,5
TQ109HY,5
TQ109HZ,5
TQ109JA,5
TQ109JB,5
TQ109JD,5
TQ109JE,7
TQ109JF,7
TQ109JG,7
TQ109JH,7
TQ109JJ,7
TQ109JL,7
TQ109JN,5
TQ109JP,7
TQ109JQ,7
TQ109JR,7
TQ109JS,7
TQ109JT,7
TQ109JU,7
TQ109JW,5
TQ109JX,5
TQ109JY,5
TQ109JZ,5
TQ109LA,5
TQ109LB,5
TQ109LD,5
TQ109LE,5
TQ109LF,5
TQ109LG,5
TQ109LH,5
TQ109LJ,5
TQ109LL,5
TQ109LN,5
TQ109LP,7
TQ109LQ,5
TQ109LR,5
TQ109LS,5
TQ109LT,5
TQ109LU,5
TQ109LW,7
TQ109LX,5
TQ109LY,5
TQ109LZ,5
TQ109NA,5
TQ109NB,5
TQ109ND,5
TQ109NE,5
TQ109NF,5
TQ109NG,5
TQ109NH,5
TQ109NJ,5
TQ109NL,5
TQ109NN,5
TQ109NP,4
TQ109NQ,5
TQ109NR,5
TQ109NS,5
TQ109NT,5
TQ109NU,7
TQ109NW,5
TQ109PA,5
TQ109PB,5
TQ109PD,5
TQ109PE,5
TQ109PF,5
TQ109PG,5
TQ109PH,5
TQ109PJ,7
TQ109PL,5
TQ109PP,5
TQ109PQ,5
TQ109PR,5
TQ109PS,5
TQ109PU,7
TQ109QA,5
TQ109QB,5
TQ109QF,5
TQ109RA,7
TQ109WA,7
TQ109WB,4
TQ109WX,7
TQ109XJ,4
TQ109YA,5
TQ109YB,4
TQ109YD,4
TQ109YE,4
TQ109YF,7
TQ109YG,4
TQ109YH,4
TQ109YJ,7
TQ109YL,4
TQ109YN,7
TQ109YP,7
TQ109YQ,4
TQ109YR,4
TQ109YS,7
TQ109YT,5
TQ109YU,5
TQ109ZU,4
TQ109ZW,4
TQ109ZX,5
TQ110AA,4
TQ110AB,4
TQ110AD,4
TQ110AE,4
TQ110AF,4
TQ110AG,4
TQ110AH,4
TQ110AJ,4
TQ110AL,4
TQ110AN,4
TQ110AP,4
TQ110AQ,4
TQ110AR,4
TQ110AS,4
TQ110AT,4
TQ110AU,4
TQ110AW,4
TQ110AX,4
TQ110AY,4
TQ110AZ,4
TQ110BA,4
TQ110BB,4
TQ110BD,4
TQ110BE,4
TQ110BG,4
TQ110BH,4
TQ110BJ,4
TQ110BL,8
TQ110BN,4
TQ110BP,4
TQ110BQ,4
TQ110BS,4
TQ110BT,4
TQ110BU,4
TQ110BW,8
TQ110BX,4
TQ110BY,4
TQ110BZ,4
TQ110DA,4
TQ110DB,4
TQ110DD,4
TQ110DE,4
TQ110DF,4
TQ110DG,4
TQ110DH,4
TQ110DJ,4
TQ110DL,4
TQ110DN,4
TQ110DP,4
TQ110DQ,4
TQ110DR,4
TQ110DS,4
TQ110DT,4
TQ110DW,4
TQ110DX,4
TQ110DY,4
TQ110DZ,4
TQ110EA,8
TQ110EB,8
TQ110ED,8
TQ110EE,8
TQ110EF,8
TQ110EG,8
TQ110EH,8
TQ110EJ,8
TQ110EL,8
TQ110EN,8
TQ110EP,8
TQ110EQ,8
TQ110ER,8
TQ110ES,8
TQ110ET,4
TQ110EU,8
TQ110EW,8
TQ110EX,4
TQ110EY,4
TQ110EZ,4
TQ110FA,5
TQ110FB,4
TQ110FD,4
TQ110FE,4
TQ110FF,4
TQ110FG,4
TQ110FH,8
TQ110GA,4
TQ110HA,4
TQ110HB,5
TQ110HD,8
TQ110HE,4
TQ110HF,5
TQ110HG,5
TQ110HH,5
TQ110HJ,5
TQ110HL,5
TQ110HN,8
TQ110HP,5
TQ110HQ,5
TQ110HR,5
TQ110HS,5
TQ110HT,5
TQ110HU,5
TQ110HW,5
TQ110HX,5
TQ110HY,5
TQ110HZ,5
TQ110JA,5
TQ110JB,5
TQ110JD,5
TQ110JE,5
TQ110JF,5
TQ110JG,5
TQ110JH,5
TQ110JJ,5
TQ110JL,4
TQ110JN,5
TQ110JP,8
TQ110JQ,5
TQ110JR,5
TQ110JS,4
TQ110JT,5
TQ110JU,5
TQ110JX,5
TQ110JY,5
TQ110JZ,5
TQ110LA,5
TQ110LB,5
TQ110LD,5
TQ110LE,5
TQ110LF,5
TQ110LG,4
TQ110LH,4
TQ110LJ,5
TQ110LL,4
TQ110LN,4
TQ110LP,5
TQ110LQ,4
TQ110LR,4
TQ110LS,5
TQ110LT,5
TQ110LU,5
TQ110LW,4
TQ110LX,5
TQ110LY,5
TQ110LZ,5
TQ110NA,5
TQ110NB,5
TQ110ND,4
TQ110NE,5
TQ110NF,4
TQ110NG,4
TQ110NH,4
TQ110NJ,4
TQ110NL,4
TQ110NN,4
TQ110NP,4
TQ110NR,4
TQ110NS,4
TQ110NY,4
TQ110PA,4
TQ110PB,4
TQ110PD,4
TQ110PE,4
TQ110PF,4
TQ110PG,4
TQ110PR,4
TQ110QA,4
TQ110RB,4
TQ110WA,4
TQ110WJ,4
TQ110XZ,4
TQ110YA,4
TQ110YB,4
TQ110YD,4
TQ110YE,4
TQ110YF,4
TQ110YG,4
TQ110YH,4
TQ110YJ,4
TQ110YL,4
TQ110YY,4
TQ110YZ,4
TQ110ZN,4
TQ110ZR,4
TQ110ZX,4
TQ121AA,5
TQ121AB,5
TQ121AD,5
TQ121AE,5
TQ121AF,3
TQ121AG,3
TQ121AH,5
TQ121AJ,5
TQ121AL,5
TQ121AN,6
TQ121AP,6
TQ121AQ,6
TQ121AR,6
TQ121AS,5
TQ121AT,5
TQ121AU,5
TQ121AW,6
TQ121AX,5
TQ121AY,5
TQ121AZ,5
TQ121BA,5
TQ121BB,5
TQ121BD,5
TQ121BE,5
TQ121BG,6
TQ121BH,5
TQ121BJ,5
TQ121BL,6
TQ121BN,6
TQ121BP,4
TQ121BQ,5
TQ121BS,4
TQ121BT,3
TQ121BU,6
TQ121BW,6
TQ121BX,6
TQ121BY,6
TQ121BZ,6
TQ121DA,6
TQ121DB,6
TQ121DD,6
TQ121DE,6
TQ121DF,6
TQ121DG,6
TQ121DH,6
TQ121DJ,6
TQ121DL,6
TQ121DN,6
TQ121DP,6
TQ121DQ,6
TQ121DR,6
TQ121DS,6
TQ121DT,6
TQ121DU,6
TQ121DW,6
TQ121DX,6
TQ121DY,6
TQ121DZ,6
TQ121EA,6
TQ121EB,6
TQ121ED,6
TQ121EE,6
TQ121EF,6
TQ121EG,6
TQ121EH,6
TQ121EJ,6
TQ121EL,6
TQ121EN,6
TQ121EP,6
TQ121EQ,6
TQ121ER,6
TQ121ES,6
TQ121ET,6
TQ121EU,3
TQ121EW,6
TQ121EX,3
TQ121EY,3
TQ121EZ,6
TQ121FA,6
TQ121FB,2
TQ121FD,6
TQ121FE,6
TQ121FF,3
TQ121FG,4
TQ121FH,2
TQ121FJ,3
TQ121FL,4
TQ121FN,2
TQ121FP,6
TQ121FQ,2
TQ121FR,4
TQ121FS,2
TQ121FT,3
TQ121FU,6
TQ121FW,3
TQ121FX,3
TQ121FY,3
TQ121FZ,6
TQ121GA,2
TQ121GB,3
TQ121GD,6
TQ121GE,6
TQ121GF,6
TQ121GG,6
TQ121GH,6
TQ121GJ,6
TQ121GL,3
TQ121GN,6
TQ121GP,6
TQ121GQ,6
TQ121GR,6
TQ121GS,6
TQ121GT,6
TQ121GU,6
TQ121GW,6
TQ121GX,6
TQ121GY,6
TQ121GZ,6
TQ121HA,6
TQ121HB,6
TQ121HD,6
TQ121HE,6
TQ121HF,6
TQ121HG,6
TQ121HH,6
TQ121HJ,6
TQ121HL,6
TQ121HN,6
TQ121HP,6
TQ121HQ,6
TQ121HR,6
TQ121HS,6
TQ121HT,3
TQ121HU,3
TQ121HW,6
TQ121HX,3
TQ121HY,6
TQ121HZ,3
TQ121JA,6
TQ121JB,6
TQ121JD,6
TQ121JE,3
TQ121JF,3
TQ121JG,3
TQ121JH,3
TQ121JJ,3
TQ121JL,3
TQ121JN,3
TQ121JP,2
TQ121JQ,3
TQ121JR,3
TQ121JS,3
TQ121JT,3
TQ121JU,3
TQ121JW,3
TQ121JX,3
TQ121JY,3
TQ121JZ,3
TQ121LA,3
TQ121LB,3
TQ121LD,3
TQ121LE,3
TQ121LF,3
TQ121LG,3
TQ121LH,3
TQ121LJ,3
TQ121LL,3
TQ121LN,3
TQ121LP,3
TQ121LQ,3
TQ121LR,6
TQ121LS,6
TQ121LT,6
TQ121LU,6
TQ121LW,3
TQ121LX,3
TQ121LY,6
TQ121LZ,2
TQ121NA,2
TQ121NB,2
TQ121ND,3
TQ121NE,3
TQ121NF,2
TQ121NG,3
TQ121NH,2
TQ121NJ,5
TQ121NL,5
TQ121NN,5
TQ121NP,5
TQ121NQ,3
TQ121NR,5
TQ121NS,5
TQ121NT,5
TQ121NU,10
TQ121NW,5
TQ121NX,10
TQ121NY,10
TQ121NZ,10
TQ121PA,10
TQ121PB,10
TQ121PD,5
TQ121PE,6
TQ121PF,6
TQ121PG,6
TQ121PH,6
TQ121PJ,6
TQ121PL,6
TQ121PN,6
TQ121PP,6
TQ121PQ,5
TQ121PR,6
TQ121PS,10
TQ121PT,10
TQ121PU,5
TQ121PW,6
TQ121PX,10
TQ121PY,10
TQ121PZ,10
TQ121QA,10
TQ121QB,10
TQ121QD,10
TQ121QE,6
TQ121QF,6
TQ121QG,10
TQ121QH,6
TQ121QJ,6
TQ121QL,6
TQ121QN,10
TQ121QP,5
TQ121QQ,6
TQ121QR,10
TQ121QS,3
TQ121QT,6
TQ121QU,3
TQ121QW,10
TQ121QX,6
TQ121QY,10
TQ121QZ,10
TQ121RA,6
TQ121RB,5
TQ121RD,5
TQ121RE,5
TQ121RF,5
TQ121RG,5
TQ121RH,5
TQ121RJ,6
TQ121RL,6
TQ121RN,6
TQ121RP,6
TQ121RQ,5
TQ121RR,6
TQ121RS,6
TQ121RT,6
TQ121RU,10
TQ121RW,6
TQ121RX,2
TQ121RY,5
TQ121RZ,10
TQ121SA,5
TQ121SD,6
TQ121SE,2
TQ121SF,2
TQ121SG,2
TQ121SH,2
TQ121SJ,2
TQ121SL,2
TQ121SN,5
TQ121SP,2
TQ121SQ,6
TQ121SR,2
TQ121SS,5
TQ121ST,6
TQ121SU,6
TQ121SW,5
TQ121SX,6
TQ121SY,6
TQ121SZ,6
TQ121TA,3
TQ121TB,2
TQ121TD,2
TQ121TE,2
TQ121TF,3
TQ121TG,3
TQ121TH,4
TQ121TJ,2
TQ121TL,2
TQ121TN,2
TQ121TP,2
TQ121TQ,3
TQ121TR,2
TQ121TS,2
TQ121TT,3
TQ121TU,2
TQ121TW,2
TQ121TX,2
TQ121TY,2
TQ121TZ,2
TQ121UB,3
TQ121UD,2
TQ121UE,6
TQ121UF,2
TQ121UG,6
TQ121UH,6
TQ121UJ,6
TQ121UL,6
TQ121UN,6
TQ121UP,6
TQ121UR,6
TQ121US,6
TQ121UT,5
TQ121UU,6
TQ121UW,6
TQ121UX,6
TQ121UY,6
TQ121UZ,6
TQ121WA,6
TQ121WB,6
TQ121WD,6
TQ121WE,4
TQ121WF,6
TQ121WG,6
TQ121WH,2
TQ121WJ,4
TQ121WL,4
TQ121WN,4
TQ121WP,3
TQ121WQ,4
TQ121WR,3
TQ121WS,3
TQ121WT,3
TQ121WU,3
TQ121WW,3
TQ121WX,3
TQ121WY,3
TQ121WZ,3
TQ121XA,2
TQ121XB,3
TQ121XD,2
TQ121XE,3
TQ121XF,2
TQ121XG,4
TQ121XH,3
TQ121XJ,3
TQ121XL,2
TQ121XN,2
TQ121XP,4
TQ121XQ,3
TQ121XR,2
TQ121XS,3
TQ121XT,3
TQ121XU,4
TQ121XW,2
TQ121XX,3
TQ121XY,2
TQ121XZ,2
TQ121YA,6
TQ121YB,6
TQ121YD,6
TQ121YE,6
TQ121YF,6
TQ121YG,6
TQ121YH,6
TQ121YJ,6
TQ121YL,2
TQ121YN,6
TQ121YP,3
TQ121YQ,6
TQ121YR,3
TQ121YS,4
TQ121YT,6
TQ121YU,2
TQ121YW,6
TQ121YX,2
TQ121YY,2
TQ121YZ,2
TQ121ZB,3
TQ121ZD,2
TQ121ZE,3
TQ121ZH,2
TQ121ZJ,2
TQ121ZL,2
TQ121ZN,4
TQ121ZP,2
TQ121ZQ,3
TQ121ZR,2
TQ121ZS,3
TQ121ZT,4
TQ121ZW,3
TQ121ZX,4
TQ121ZY,2
TQ122AA,3
TQ122AB,3
TQ122AD,3
TQ122AE,3
TQ122AF,3
TQ122AG,3
TQ122AH,3
TQ122AJ,3
TQ122AL,3
TQ122AN,4
TQ122AP,4
TQ122AQ,3
TQ122AR,4
TQ122AS,3
TQ122AT,3
TQ122AU,3
TQ122AW,4
TQ122AX,4
TQ122AY,3
TQ122AZ,4
TQ122BA,3
TQ122BB,4
TQ122BD,4
TQ122BE,3
TQ122BG,4
TQ122BH,4
TQ122BJ,4
TQ122BL,4
TQ122BN,4
TQ122BP,4
TQ122BQ,4
TQ122BS,4
TQ122BT,4
TQ122BU,4
TQ122BW,4
TQ122BX,4
TQ122BY,4
TQ122BZ,4
TQ122DA,4
TQ122DB,4
TQ122DD,4
TQ122DE,4
TQ122DF,4
TQ122DG,4
TQ122DH,4
TQ122DJ,4
TQ122DL,4
TQ122DN,4
TQ122DP,4
TQ122DQ,4
TQ122DR,4
TQ122DS,4
TQ122DT,3
TQ122DU,3
TQ122DW,4
TQ122DX,3
TQ122DY,3
TQ122DZ,3
TQ122EA,3
TQ122EB,3
TQ122ED,3
TQ122EE,3
TQ122EF,3
TQ122EG,4
TQ122EH,3
TQ122EJ,3
TQ122EL,3
TQ122EN,3
TQ122EP,4
TQ122EQ,3
TQ122ER,4
TQ122ES,4
TQ122ET,4
TQ122EU,4
TQ122EW,3
TQ122EX,4
TQ122EY,4
TQ122EZ,4
TQ122FA,4
TQ122FB,4
TQ122FD,7
TQ122FE,4
TQ122FF,3
TQ122FG,3
TQ122FH,3
TQ122FX,7
TQ122FY,7
TQ122GG,3
TQ122GY,4
TQ122GZ,4
TQ122HA,4
TQ122HB,4
TQ122HD,4
TQ122HE,4
TQ122HF,3
TQ122HG,4
TQ122HH,4
TQ122HJ,4
TQ122HL,4
TQ122HN,4
TQ122HP,4
TQ122HQ,3
TQ122HR,4
TQ122HS,4
TQ122HT,3
TQ122HU,4
TQ122HW,4
TQ122HX,4
TQ122HY,5
TQ122HZ,4
TQ1 1YL,1
TQ1 1YN,1
TQ1 1YP,2
TQ1 1YQ,2
TQ1 1YR,1
TQ1 1YS,1
TQ1 1YT,2
TQ1 1YU,2
TQ1 1YW,8
TQ1 1YX,1
TQ1 1YY,2
TQ1 1YZ,8
TQ1 1ZB,2
TQ1 1ZD,6
TQ1 1ZE,2
TQ1 1ZF,6
TQ1 1ZG,2
TQ1 1ZH,2
TQ1 1ZJ,6
TQ1 1ZN,1
TQ1 1ZP,6
TQ1 1ZQ,6
TQ1 1ZR,6
TQ1 1ZT,6
TQ1 1ZU,1
TQ1 1ZX,6
TQ1 2AA,1
TQ1 2AB,1
TQ1 2AD,1
TQ1 2AE,4
TQ1 2AF,4
TQ1 2AG,1
TQ1 2AH,1
TQ1 2AJ,1
TQ1 2AL,1
TQ1 2AN,1
TQ1 2AP,1
TQ1 2AQ,1
TQ1 2AR,1
TQ1 2AS,1
TQ1 2AT,1
TQ1 2AU,1
TQ1 2AW,4
TQ1 2AX,1
TQ1 2AY,1
TQ1 2AZ,1
TQ1 2BA,1
TQ1 2BB,1
TQ1 2BD,1
TQ1 2BE,1
TQ1 2BG,1
TQ1 2BH,1
TQ1 2BJ,1
TQ1 2BL,1
TQ1 2BN,1
TQ1 2BP,1
TQ1 2BQ,6
TQ1 2BS,1
TQ1 2BT,1
TQ1 2BU,1
TQ1 2BW,1
TQ1 2BX,1
TQ1 2BY,1
TQ1 2BZ,1
TQ1 2DA,1
TQ1 2DB,1
TQ1 2DD,1
TQ1 2DE,1
TQ1 2DF,1
TQ1 2DG,1
TQ1 2DH,4
TQ1 2DJ,1
TQ1 2DL,4
TQ1 2DN,4
TQ1 2DP,4
TQ1 2DQ,1
TQ1 2DR,4
TQ1 2DS,1
TQ1 2DT,1
TQ1 2DU,1
TQ1 2DW,4
TQ1 2DX,1
TQ1 2DY,1
TQ1 2DZ,1
TQ1 2EA,1
TQ1 2EB,1
TQ1 2ED,4
TQ1 2EE,4
TQ1 2EF,4
TQ1 2EG,4
TQ1 2EH,4
TQ1 2EJ,4
TQ1 2EL,1
TQ1 2EN,4
TQ1 2EP,1
TQ1 2EQ,4
TQ1 2ER,8
TQ1 2ES,4
TQ1 2ET,4
TQ1 2EU,4
TQ1 2EW,1
TQ1 2EX,4
TQ1 2EY,4
TQ1 2EZ,8
TQ1 2HA,8
TQ1 2HB,8
TQ1 2HD,8
TQ1 2HE,8
TQ1 2HF,8
TQ1 2HG,8
TQ1 2HH,8
TQ1 2HJ,8
TQ1 2HL,8
TQ1 2HN,4
TQ1 2HP,8
TQ1 2HQ,8
TQ1 2HR,8
TQ1 2HS,8
TQ1 2HT,8
TQ1 2HU,8
TQ1 2HW,8
TQ1 2HX,8
TQ1 2HY,8
TQ1 2HZ,8
TQ1 2JA,8
TQ1 2JB,8
TQ1 2JD,8
TQ1 2JE,8
TQ1 2JF,8
TQ1 2JG,4
TQ1 2JH,4
TQ1 2JJ,8
TQ1 2JL,4
TQ1 2JN,8
TQ1 2JP,1
TQ1 2JQ,4
TQ1 2JR,1
TQ1 2JS,1
TQ1 2JT,1
TQ1 2JU,1
TQ1 2JX,1
TQ1 2JY,1
TQ1 2JZ,1
TQ1 2LA,1
TQ1 2LB,1
TQ1 2LD,1
TQ1 2LE,1
TQ1 2LF,1
TQ1 2LG,1
TQ1 2LH,4
TQ1 2LJ,4
TQ1 2LL,4
TQ1 2LN,4
TQ1 2LP,4
TQ1 2LQ,4
TQ1 2LR,1
TQ1 2LS,1
TQ1 2LT,4
TQ1 2LU,4
TQ1 2LW,4
TQ1 2LX,4
TQ1 2LY,4
TQ1 2LZ,8
TQ1 2NA,8
TQ1 2NB,4
TQ1 2ND,4
TQ1 2NE,4
TQ1 2NF,4
TQ1 2NG,4
TQ1 2NH,8
TQ1 2NJ,4
TQ1 2NL,4
TQ1 2NN,4
TQ1 2NP,8
TQ1 2NQ,4
TQ1 2NR,4
TQ1 2NS,4
TQ1 2NT,4
TQ1 2NU,4
TQ1 2NW,4
TQ1 2NX,4
TQ1 2NY,4
TQ1 2NZ,8
TQ1 2PA,8
TQ1 2PB,8
TQ1 2PD,8
TQ1 2PE,8
TQ1 2PF,8
TQ1 2PG,8
TQ1 2PH,8
TQ1 2PJ,8
TQ1 2PL,8
TQ1 2PN,8
TQ1 2PP,4
TQ1 2PQ,8
TQ1 2PR,4
TQ1 2PS,4
TQ1 2PT,4
TQ1 2PU,4
TQ1 2PW,8
TQ1 2PX,4
TQ1 2PY,4
TQ1 2PZ,4
TQ1 2QA,4
TQ1 2QB,4
TQ1 2QD,4
TQ1 2QE,4
TQ1 2QF,4
TQ1 2QG,4
TQ1 2QH,4
TQ1 2QJ,4
TQ1 2QL,4
TQ1 2QN,4
TQ1 2QP,8
TQ1 2QQ,4
TQ1 2QR,8
TQ1 2QS,8
TQ1 2QT,8
TQ1 2QU,4
TQ1 2QW,8
TQ1 2QX,8
TQ1 2QY,1
TQ1 2QZ,4
TQ1 2RA,1
TQ1 2RB,4
TQ1 2RD,1
TQ1 2RE,1
TQ1 2RF,1
TQ1 2RH,1
TQ1 2RJ,4
TQ1 2RL,4
TQ1 2RN,4
TQ1 2RW,4
TQ1 2SA,8
TQ1 2SB,8
TQ1 2SZ,1
TQ1 2WA,1
TQ1 2WB,1
TQ1 2WD,6
TQ1 2WE,1
TQ1 2XA,4
TQ1 2XB,1
TQ1 2XD,1
TQ1 2XJ,6
TQ1 2XN,6
TQ1 2XS,1
TQ1 2XT,1
TQ1 2XU,1
TQ1 2XW,1
TQ1 2XX,6
TQ1 2XY,4
TQ1 2XZ,1
TQ1 2YA,1
TQ1 2YB,1
TQ1 2YD,1
TQ1 2YE,1
TQ1 2YF,4
TQ1 2YG,4
TQ1 2YH,4
TQ1 2YJ,6
TQ1 2YL,4
TQ1 2YN,4
TQ1 2YP,4
TQ1 2YQ,1
TQ1 2YR,6
TQ1 2YS,1
TQ1 2YT,1
TQ1 2YU,6
TQ1 2YW,4
TQ1 2YX,4
TQ1 2YY,4
TQ1 2YZ,1
TQ1 2ZA,4
TQ1 2ZB,4
TQ1 2ZD,6
TQ1 2ZE,1
TQ1 2ZF,1
TQ1 2ZG,6
TQ1 2ZN,6
TQ1 2ZQ,6
TQ1 2ZR,1
TQ1 2ZX,6
TQ1 3AA,1
TQ1 3AB,2
TQ1 3AD,1
TQ1 3AE,1
TQ1 3AF,1
TQ1 3AG,1
TQ1 3AH,1
TQ1 3AJ,1
TQ1 3AL,1
TQ1 3AN,1
TQ1 3AP,1
TQ1 3AQ,1
TQ1 3AR,1
TQ1 3AS,1
TQ1 3AT,1
TQ1 3AU,1
TQ1 3AW,1
TQ1 3AX,1
TQ1 3AY,1
TQ1 3AZ,1
TQ1 3BA,1
TQ1 3BB,1
TQ1 3BD,1
TQ1 3BE,1
TQ1 3BG,1
TQ1 3BH,1
TQ1 3BJ,1
TQ1 3BL,1
TQ1 3BN,2
TQ1 3BP,1
TQ1 3BQ,1
TQ1 3BS,1
TQ1 3BT,1
TQ1 3BU,1
TQ1 3BW,2
TQ1 3BX,1
TQ1 3BY,1
TQ1 3BZ,1
TQ1 3DA,1
TQ1 3DB,1
TQ1 3DE,1
TQ1 3DF,2
TQ1 3DG,1
TQ1 3DH,1
TQ1 3DJ,1
TQ1 3DL,1
TQ1 3DN,1
TQ1 3DP,1
TQ1 3DQ,1
TQ1 3DR,1
TQ1 3DS,1
TQ1 3DT,1
TQ1 3DU,1
TQ1 3DW,1
TQ1 3DX,1
TQ1 3DY,1
TQ1 3DZ,1
TQ1 3EA,1
TQ1 3EB,1
TQ1 3ED,1
TQ1 3EE,1
TQ1 3EF,1
TQ1 3EG,1
TQ1 3EH,1
TQ1 3EJ,1
TQ1 3EL,1
TQ1 3EN,1
TQ1 3EP,2
TQ1 3EQ,1
TQ1 3ER,2
TQ1 3ES,1
TQ1 3ET,2
TQ1 3EU,1
TQ1 3EW,1
TQ1 3EX,1
TQ1 3EY,1
TQ1 3EZ,1
TQ1 3FA,3
TQ1 3GS,6
TQ1 3GZ,3
TQ1 3HA,2
TQ1 3HB,2
TQ1 3HD,2
TQ1 3HE,1
TQ1 3HF,1
TQ1 3HG,4
TQ1 3HH,4
TQ1 3HJ,4
TQ1 3HL,2
TQ1 3HN,2
TQ1 3HP,2
TQ1 3HQ,4
TQ1 3HR,2
TQ1 3HS,2
TQ1 3HT,2
TQ1 3HU,1
TQ1 3HW,2
TQ1 3HX,4
TQ1 3HY,1
TQ1 3HZ,1
TQ1 3JA,1
TQ1 3JB,1
TQ1 3JD,1
TQ1 3JE,1
TQ1 3JF,1
TQ1 3JG,1
TQ1 3JH,4
TQ1 3JJ,2
TQ1 3JL,4
TQ1 3JN,4
TQ1 3JP,4
TQ1 3JQ,1
TQ1 3JR,2
TQ1 3JS,2
TQ1 3JT,2
TQ1 3JU,2
TQ1 3JW,4
TQ1 3JX,2
TQ1 3JY,2
TQ1 3JZ,2
TQ1 3LA,4
TQ1 3LB,4
TQ1 3LD,4
TQ1 3LE,2
TQ1 3LF,3
TQ1 3LG,3
TQ1 3LH,3
TQ1 3LJ,3
TQ1 3LL,3
TQ1 3LN,3
TQ1 3LP,3
TQ1 3LQ,3
TQ1 3LR,3
TQ1 3LS,3
TQ1 3LT,3
TQ1 3LU,3
TQ1 3LW,3
TQ1 3LX,3
TQ1 3LY,3
TQ1 3LZ,3
TQ1 3NA,2
TQ1 3NB,3
TQ1 3ND,3
TQ1 3NE,4
TQ1 3NF,3
TQ1 3NG,3
TQ1 3NH,2
TQ1 3NJ,2
TQ1 3NL,2
TQ1 3NN,2
TQ1 3NP,3
TQ1 3NQ,3
TQ1 3NR,3
TQ1 3NS,3
TQ1 3NT,3
TQ1 3NU,6
TQ1 3NW,3
TQ1 3NX,6
TQ1 3NY,6
TQ1 3NZ,6
TQ1 3PA,3
TQ1 3PB,6
TQ1 3PD,6
TQ1 3PE,4
TQ1 3PF,2
TQ1 3PG,2
TQ1 3PH,4
TQ1 3PJ,4
TQ1 3PL,4
TQ1 3PN,4
TQ1 3PP,4
TQ1 3PQ,1
TQ1 3PR,4
TQ1 3PS,4
TQ1 3PT,3
TQ1 3PU,2
TQ1 3PW,4
TQ1 3PX,2
TQ1 3PY,2
TQ1 3PZ,4
TQ1 3QA,2
TQ1 3QB,4
TQ1 3QD,4
TQ1 3QE,2
TQ1 3QF,2
TQ1 3QG,2
TQ1 3QH,4
TQ1 3QJ,4
TQ1 3QL,4
TQ1 3QN,4
TQ1 3QP,4
TQ1 3QQ,4
TQ1 3QR,3
TQ1 3QS,3
TQ1 3QT,3
TQ1 3QU,3
TQ1 3QW,4
TQ1 3QX,6
TQ1 3QY,3
TQ1 3QZ,2
TQ1 3RA,2
TQ1 3RB,2
TQ1 3RD,2
TQ1 3RE,6
TQ1 3RF,2
TQ1 3RG,2
TQ1 3RH,2
TQ1 3RJ,5
TQ1 3RL,5
TQ1 3RN,5
TQ1 3RP,5
TQ1 3RQ,2
TQ1 3RR,6
TQ1 3RS,6
TQ1 3RT,6
TQ1 3RU,5
TQ1 3RW,5
TQ1 3RZ,3
TQ1 3SA,2
TQ1 3SB,2
TQ1 3SD,2
TQ1 3SE,2
TQ1 3SF,2
TQ1 3SG,3
TQ1 3SH,2
TQ1 3SJ,2
TQ1 3SL,3
TQ1 3SN,3
TQ1 3SP,6
TQ1 3SQ,3
TQ1 3SR,3
TQ1 3SS,3
TQ1 3ST,3
TQ1 3SU,3
TQ1 3SW,3
TQ1 3SX,6
TQ1 3SY,3
TQ1 3SZ,6
TQ1 3TA,4
TQ1 3TB,4
TQ1 3TD,4
TQ1 3TE,8
TQ1 3TF,4
TQ1 3TG,4
TQ1 3TH,3
TQ1 3TJ,3
TQ1 3TL,1
TQ1 3TN,4
TQ1 3TP,4
TQ1 3TQ,4
TQ1 3TR,6
TQ1 3TS,3
TQ1 3TT,6
TQ1 3TU,3
TQ1 3TW,4
TQ1 3TX,6
TQ1 3TY,6
TQ1 3TZ,1
TQ1 3UA,6
TQ1 3UB,6
TQ1 3UD,6
TQ1 3UE,6
TQ1 3UF,6
TQ1 3UG,6
TQ1 3UH,6
TQ1 3UJ,6
TQ1 3UL,6
TQ1 3UP,3
TQ1 3UQ,6
TQ1 3UR,3
TQ1 3UT,1
TQ1 3UW,6
TQ1 3UY,3
TQ1 3WA,3
TQ1 3WB,3
TQ1 3WD,3
TQ1 3WE,6
TQ1 3WF,3
TQ1 3WY,6
TQ1 3WZ,6
TQ1 3XA,2
TQ1 3XB,1
TQ1 3XD,6
TQ1 3XJ,6
TQ1 3XL,1
TQ1 3XN,1
TQ1 3XP,1
TQ1 3XQ,1
TQ1 3XR,1
TQ1 3XS,1
TQ1 3XT,1
TQ1 3XU,1
TQ1 3XW,2
TQ1 3XX,3
TQ1 3XY,3
TQ1 3XZ,2
TQ1 3YA,1
TQ1 3YB,2
TQ1 3YD,1
TQ1 3YE,2
TQ1 3YF,1
TQ1 3YG,1
TQ1 3YH,2
TQ1 3YJ,1
TQ1 3YL,1
TQ1 3YN,2
TQ1 3YP,2
TQ1 3YQ,2
TQ1 3YR,1
TQ1 3YS,6
TQ1 3YT,2
TQ1 3YU,1
TQ1 3YW,2
TQ1 3YX,2
TQ1 3YY,1
TQ1 3YZ,2
TQ1 3ZD,2
TQ1 3ZE,2
TQ1 3ZF,2
TQ1 3ZG,2
TQ1 3ZH,2
TQ1 3ZJ,2
TQ1 3ZL,1
TQ1 3ZN,6
TQ1 3ZQ,6
TQ1 3ZR,6
TQ1 3ZW,6
TQ1 3ZX,6
TQ1 4AA,4
TQ1 4AB,1
TQ1 4AD,1
TQ1 4AE,1
TQ1 4AF,1
TQ1 4AG,1
TQ1 4AH,1
TQ1 4AJ,1
TQ1 4AL,1
TQ1 4AN,1
TQ1 4AP,1
TQ1 4AQ,1
TQ1 4AR,2
TQ1 4AS,2
TQ1 4AT,1
TQ1 4AU,2
TQ1 4AW,4
TQ1 4AX,2
TQ1 4AY,2
TQ1 4AZ,2
TQ1 4BA,1
TQ1 4BB,1
TQ1 4BD,1
TQ1 4BE,1
TQ1 4BG,1
TQ1 4BH,2
TQ1 4BJ,6
TQ1 4BL,2
TQ1 4BN,6
TQ1 4BP,1
TQ1 4BQ,1
TQ1 4BS,1
TQ1 4BT,1
TQ1 4BU,1
TQ1 4BW,1
TQ1 4BX,1
TQ1 4BY,1
TQ1 4BZ,1
TQ1 4DA,1
TQ1 4DB,1
TQ1 4DD,4
TQ1 4DE,4
TQ1 4DF,4
TQ1 4DG,4
TQ1 4DH,4
TQ1 4DJ,4
TQ1 4DL,4
TQ1 4DN,4
TQ1 4DP,4
TQ1 4DQ,4
TQ1 4DR,4
TQ1 4DS,1
TQ1 4DT,4
TQ1 4DU,4
TQ1 4DW,4
TQ1 4DX,2
TQ1 4DY,4
TQ1 4DZ,1
TQ1 4EA,1
TQ1 4EB,1
TQ1 4ED,1
TQ1 4EE,1
TQ1 4EF,4
TQ1 4EG,1
TQ1 4EH,4
TQ1 4EJ,4
TQ1 4EL,4
TQ1 4EN,4
TQ1 4EP,4
TQ1 4EQ,4
TQ1 4ER,4
TQ1 4ES,4
TQ1 4ET,4
TQ1 4EU,4
TQ1 4EW,4
TQ1 4EX,2
TQ1 4EY,1
TQ1 4EZ,2
TQ1 4FA,1
TQ1 4FB,2
TQ1 4FD,1
TQ1 4FE,4
TQ1 4FF,1
TQ1 4FG,4
TQ1 4FH,1
TQ1 4FJ,1
TQ1 4FL,1
TQ1 4FN,4
TQ1 4FQ,5
TQ1 4FR,2
TQ1 4FS,2
TQ1 4FT,2
TQ1 4FU,2
TQ1 4FW,4
TQ1 4FX,2
TQ1 4GE,2
TQ1 4GF,2
TQ1 4HA,2
TQ1 4HB,2
TQ1 4HD,2
TQ1 4HE,2
TQ1 4HF,4
TQ1 4HG,2
TQ1 4HH,4
TQ1 4HJ,4
TQ1 4HL,2
TQ1 4HN,2
TQ1 4HP,4
TQ1 4HQ,4
TQ1 4HR,2
TQ1 4HS,2
TQ1 4HT,2
TQ1 4HU,5
TQ1 4HW,2
TQ1 4HX,2
TQ1 4HY,2
TQ1 4HZ,5
TQ1 4JA,5
TQ1 4JB,5
TQ1 4JD,5
TQ1 4JE,5
TQ1 4JF,5
TQ1 4JG,5
TQ1 4JH,2
TQ1 4JJ,2
TQ1 4JL,5
TQ1 4JN,2
TQ1 4JP,2
TQ1 4JQ,5
TQ1 4JR,2
TQ1 4JS,2
TQ1 4JT,2
TQ1 4JU,2
TQ1 4JW,2
TQ1 4JX,2
TQ1 4JY,4
TQ1 4JZ,4
TQ1 4LA,2
TQ1 4LB,2
TQ1 4LD,2
TQ1 4LE,2
TQ1 4LF,2
TQ1 4LG,2
TQ1 4LH,2
TQ1 4LJ,2
TQ1 4LL,2
TQ1 4LN,2
TQ1 4LP,2
TQ1 4LQ,2
TQ1 4LR,2
TQ1 4LS,2
TQ1 4LT,2
TQ1 4LU,5
TQ1 4LW,2
TQ1 4LX,3
TQ1 4LY,2
TQ1 4LZ,3
TQ1 4NA,2
TQ1 4NB,2
TQ1 4ND,2
TQ1 4NE,2
TQ1 4NF,2
TQ1 4NG,5
TQ1 4NH,2
TQ1 4NJ,2
TQ1 4NL,2
TQ1 4NN,2
TQ1 4NP,2
TQ1 4NQ,2
TQ1 4NR,3
TQ1 4NS,2
TQ1 4NT,5
TQ1 4NU,2
TQ1 4NW,2
TQ1 4NX,2
TQ1 4NY,3
TQ1 4NZ,3
TQ1 4PA,3
TQ1 4PB,3
TQ1 4PD,5
TQ1 4PE,5
TQ1 4PF,3
TQ1 4PG,5
TQ1 4PH,5
TQ1 4PJ,2
TQ1 4PL,2
TQ1 4PN,2
TQ1 4PP,2
TQ1 4PQ,5
TQ1 4PR,2
TQ1 4PS,2
TQ1 4PT,2
TQ1 4PU,2
TQ1 4PW,2
TQ1 4PX,2
TQ1 4PY,2
TQ1 4PZ,2
TQ1 4QA,2
TQ1 4QB,2
TQ1 4QD,2
TQ1 4QE,4
TQ1 4QF,4
TQ1 4QG,4
TQ1 4QH,2
TQ1 4QJ,4
TQ1 4QL,4
TQ1 4QN,4
TQ1 4QP,3
TQ1 4QQ,2
TQ1 4QR,3
TQ1 4QS,4
TQ1 4QT,2
TQ1 4QU,2
TQ1 4QW,4
TQ1 4QX,3
TQ1 4QY,3
TQ1 4QZ,3
TQ1 4RA,3
TQ1 4RB,3
TQ1 4RD,3
TQ1 4RE,3
TQ1 4RF,3
TQ1 4RG,4
TQ1 4RH,3
TQ1 4RJ,3
TQ1 4RL,3
TQ1 4RN,3
TQ1 4RP,3
TQ1 4RQ,3
TQ1 4RR,4
TQ1 4RS,3
TQ1 4RT,5
TQ1 4RU,5
TQ1 4RW,3
TQ1 4RX,5
TQ1 4RY,2
TQ1 4RZ,2
TQ1 4SA,3
TQ1 4SB,4
TQ1 4SD,2
TQ1 4SE,4
TQ1 4SF,4
TQ1 4SG,4
TQ1 4SH,4
TQ1 4SJ,1
TQ1 4SL,4
TQ1 4SN,1
TQ1 4SP,4
TQ1 4SQ,4
TQ1 4SS,4
TQ1 4ST,3
TQ1 4SU,4
TQ1 4SW,4
TQ1 4SX,4
TQ1 4SY,4
TQ1 4SZ,4
TQ1 4TA,4
TQ1 4TB,4
TQ1 4TD,8
TQ1 4TE,4
TQ1 4TF,4
TQ1 4TG,4
TQ1 4TH,4
TQ1 4TJ,4
TQ1 4TL,4
TQ1 4TN,8
TQ1 4TP,4
TQ1 4TQ,4
TQ1 4TR,4
TQ1 4TS,4
TQ1 4TT,4
TQ1 4TU,4
TQ1 4TW,4
TQ1 4TX,4
TQ1 4TY,2
TQ1 4TZ,2
TQ1 4UA,2
TQ1 4UB,2
TQ1 4UD,2
TQ1 4UE,2
TQ1 4UH,2
TQ1 4UJ,3
TQ1 4UL,3
TQ1 4UN,2
TQ1 4UP,4
TQ1 4UR,7
TQ1 4UT,1
TQ1 4UW,7
TQ1 4WA,1
TQ1 4WB,1
TQ1 4WJ,1
TQ1 4WQ,6
TQ1 4WU,6
TQ1 4WW,6
TQ1 4WX,6
TQ1 4WY,6
TQ1 4WZ,6
TQ1 4XA,5
TQ1 4XB,1
TQ1 4XD,5
TQ1 4XE,5
TQ1 4XF,1
TQ1 4XG,6
TQ1 4XH,6
TQ1 4XJ,6
TQ1 4XL,1
TQ1 4XN,1
TQ1 4XP,6
TQ1 4XQ,1
TQ1 4XR,6
TQ1 4XS,6
TQ1 4XW,1
TQ1 4XX,1
TQ1 4XY,1
TQ1 4XZ,6
TQ1 4YA,1
TQ1 4YB,1
TQ1 4YD,1
TQ1 4YE,1
TQ1 4YF,1
TQ1 4YG,5
TQ1 4YH,6
TQ1 4YJ,1
TQ1 4YL,1
TQ1 4YN,5
TQ1 4YP,1
TQ1 4YQ,5
TQ1 4YR,1
TQ1 4YS,1
TQ1 4YT,5
TQ1 4YU,5
TQ1 4YW,5
TQ1 4YX,5
TQ1 4YY,5
TQ1 4YZ,6
TQ1 4ZA,5
TQ1 4ZB,1
TQ1 4ZE,1
TQ1 4ZJ,1
TQ1 4ZQ,6
TQ1 4ZR,6
TQ1 4ZS,1
TQ1 4ZX,5
TQ1 9AA,6
TQ1 9AB,6
TQ1 9AD,6
TQ1 9AE,6
TQ1 9AF,6
TQ1 9AG,6
TQ1 9AH,6
TQ1 9AJ,6
TQ1 9AL,6
TQ1 9AN,6
TQ1 9AP,6
TQ1 9AQ,6
TQ1 9AR,6
TQ1 9AS,6
TQ1 9AT,6
TQ1 9AU,6
TQ1 9AW,6
TQ1 9AX,6
TQ1 9AY,6
TQ1 9AZ,6
TQ1 9BA,6
TQ1 9BB,6
TQ1 9BD,6
TQ1 9BE,6
TQ1 9BF,6
TQ1 9BG,6
TQ1 9BH,6
TQ1 9BJ,6
TQ1 9BL,6
TQ1 9BN,6
TQ1 9BP,6
TQ1 9BQ,6
TQ1 9BR,6
TQ1 9BS,6
TQ1 9BT,6
TQ1 9BU,6
TQ1 9BW,6
TQ1 9BX,6
TQ1 9BY,6
TQ1 9BZ,6
TQ1 9DA,6
TQ1 9DB,6
TQ1 9DD,6
TQ1 9DE,6
TQ1 9DF,6
TQ1 9DG,6
TQ1 9DH,6
TQ122JA,4
TQ122JB,4
TQ122JD,6
TQ122JE,4
TQ122JF,3
TQ122JG,3
TQ122JH,7
TQ122JJ,7
TQ122JL,3
TQ122JN,3
TQ122JP,3
TQ122JR,3
TQ122JS,3
TQ122JT,3
TQ122JU,3
TQ122JW,3
TQ122JX,3
TQ122JY,3
TQ122JZ,3
TQ122LA,3
TQ122LB,3
TQ122LD,3
TQ122LE,3
TQ122LF,3
TQ122LG,3
TQ122LH,3
TQ122LJ,4
TQ122LL,3
TQ122LN,3
TQ122LP,3
TQ122LQ,4
TQ122LR,3
TQ122LS,3
TQ122LT,7
TQ122LU,2
TQ122LW,4
TQ122LX,3
TQ122LY,3
TQ122LZ,3
TQ122NA,3
TQ122NB,3
TQ122ND,2
TQ122NE,7
TQ122NF,7
TQ122NG,7
TQ122NH,7
TQ122NJ,7
TQ122NL,7
TQ122NN,3
TQ122NP,3
TQ122NQ,7
TQ122NR,7
TQ122NS,3
TQ122NT,7
TQ122NU,2
TQ122NW,3
TQ122NX,7
TQ122NY,7
TQ122NZ,2
TQ122PA,5
TQ122PB,7
TQ122PD,3
TQ122PE,3
TQ122PF,3
TQ122PG,3
TQ122PH,3
TQ122PJ,7
TQ122PL,7
TQ122PN,7
TQ122PP,7
TQ122PQ,3
TQ122PR,7
TQ122PS,7
TQ122PT,7
TQ122PU,7
TQ122PW,7
TQ122PX,7
TQ122PY,7
TQ122PZ,4
TQ122QA,4
TQ122QB,4
TQ122QD,7
TQ122QE,4
TQ122QF,3
TQ122QG,4
TQ122QH,3
TQ122QJ,4
TQ122QL,3
TQ122QN,3
TQ122QP,3
TQ122QQ,4
TQ122QR,4
TQ122QS,3
TQ122QT,3
TQ122QU,3
TQ122QW,3
TQ122QX,3
TQ122QY,3
TQ122QZ,3
TQ122RB,3
TQ122RD,3
TQ122RJ,3
TQ122RL,3
TQ122RN,3
TQ122RP,3
TQ122RQ,3
TQ122RR,3
TQ122RS,2
TQ122RT,3
TQ122RU,3
TQ122RW,3
TQ122RX,3
TQ122RY,3
TQ122SA,2
TQ122SB,10
TQ122SD,10
TQ122SE,7
TQ122SF,7
TQ122SG,7
TQ122SH,2
TQ122SJ,7
TQ122SL,4
TQ122SN,4
TQ122SP,4
TQ122SQ,7
TQ122ST,7
TQ122SW,4
TQ122TA,3
TQ122TB,3
TQ122TD,4
TQ122TE,4
TQ122TF,4
TQ122TG,7
TQ122TH,7
TQ122TL,7
TQ122TN,7
TQ122TP,7
TQ122TR,3
TQ122TS,7
TQ122TT,3
TQ122TU,3
TQ122TX,3
TQ122TY,4
TQ122TZ,4
TQ122UA,3
TQ122UB,4
TQ122UD,3
TQ122UE,3
TQ122UF,3
TQ122UG,3
TQ122UH,3
TQ122WA,3
TQ122WQ,3
TQ122WX,4
TQ122WY,3
TQ122WZ,4
TQ122XH,3
TQ122XJ,3
TQ122XN,4
TQ122XP,4
TQ122XQ,4
TQ122XR,4
TQ122XU,3
TQ122XW,3
TQ122XX,3
TQ122XY,3
TQ122XZ,3
TQ122YA,3
TQ122YB,3
TQ122YD,4
TQ122YE,4
TQ122YF,4
TQ122YG,3
TQ122YH,4
TQ122YJ,3
TQ122YL,4
TQ122YN,3
TQ122YP,3
TQ122YQ,3
TQ122YR,4
TQ122YS,4
TQ122YT,3
TQ122YU,3
TQ122YW,3
TQ122YX,3
TQ122YY,3
TQ122YZ,3
TQ122ZG,3
TQ122ZH,4
TQ122ZJ,3
TQ122ZL,3
TQ122ZR,3
TQ122ZS,4
TQ122ZU,4
TQ122ZW,4
TQ122ZX,4
TQ123AA,3
TQ123AB,8
TQ123AD,6
TQ123AE,6
TQ123AF,4
TQ123AG,4
TQ123AH,6
TQ123AJ,6
TQ123AL,4
TQ123AN,4
TQ123AP,6
TQ123AQ,6
TQ123AR,6
TQ123AS,4
TQ123AT,4
TQ123AU,8
TQ123AW,6
TQ123AX,8
TQ123AY,8
TQ123AZ,8
TQ123BA,4
TQ123BB,4
TQ123BD,4
TQ123BE,4
TQ123BG,4
TQ123BH,8
TQ123BJ,6
TQ123BL,4
TQ123BN,4
TQ123BP,8
TQ123BQ,4
TQ123BS,8
TQ123BT,8
TQ123BU,8
TQ123BW,4
TQ123BX,8
TQ123BY,8
TQ123BZ,8
TQ123DA,8
TQ123DB,8
TQ123DD,8
TQ123DE,8
TQ123DF,8
TQ123DG,8
TQ123DH,8
TQ123DJ,8
TQ123DL,8
TQ123DN,8
TQ123DP,8
TQ123DQ,8
TQ123DR,4
TQ123DS,4
TQ123DT,8
TQ123DU,8
TQ123DW,8
TQ123DX,8
TQ123DY,8
TQ123DZ,8
TQ123EA,8
TQ123EB,3
TQ123ED,8
TQ123EE,8
TQ123EF,6
TQ123EG,6
TQ123EH,6
TQ123EJ,6
TQ123EL,6
TQ123EN,6
TQ123EP,6
TQ123EQ,6
TQ123ER,6
TQ123ES,6
TQ123ET,6
TQ123EU,6
TQ123EW,5
TQ123EX,8
TQ123EY,6
TQ123EZ,6
TQ123FA,3
TQ123FB,4
TQ123FD,3
TQ123FE,3
TQ123FF,5
TQ123FG,4
TQ123FH,8
TQ123FJ,5
TQ123FL,8
TQ123FN,8
TQ123FP,8
TQ123FQ,5
TQ123FR,6
TQ123FT,6
TQ123FU,5
TQ123FW,5
TQ123FX,5
TQ123FY,4
TQ123FZ,4
TQ123GA,6
TQ123GB,4
TQ123GD,4
TQ123GE,4
TQ123GF,4
TQ123GG,4
TQ123GJ,4
TQ123GN,5
TQ123GP,5
TQ123GR,8
TQ123GS,8
TQ123GT,8
TQ123GU,8
TQ123GW,4
TQ123GX,8
TQ123GY,4
TQ123GZ,4
TQ123HA,6
TQ123HB,6
TQ123HD,6
TQ123HE,6
TQ123HF,6
TQ123HG,6
TQ123HH,4
TQ123HJ,4
TQ123HL,6
TQ123HN,6
TQ123HP,8
TQ123HQ,6
TQ123HR,6
TQ123HS,4
TQ123HT,8
TQ123HU,4
TQ123HW,6
TQ123HX,4
TQ123HY,4
TQ123HZ,4
TQ123JA,4
TQ123JB,4
TQ123JD,4
TQ123JE,4
TQ123JF,5
TQ123JG,5
TQ123JH,4
TQ123JJ,4
TQ123JL,4
TQ123JN,9
TQ123JP,9
TQ123JQ,4
TQ123JR,5
TQ123JS,5
TQ123JT,4
TQ123JU,4
TQ123JW,4
TQ123JX,4
TQ123JY,4
TQ123JZ,4
TQ123LA,8
TQ123LB,8
TQ123LD,6
TQ123LE,6
TQ123LF,6
TQ123LG,6
TQ123LH,4
TQ123LJ,4
TQ123LL,4
TQ123LN,8
TQ123LP,8
TQ123LQ,4
TQ123LR,8
TQ123LS,4
TQ123LT,10
TQ123LU,10
TQ123LW,8
TQ123LX,10
TQ123LY,10
TQ123LZ,9
TQ123NA,4
TQ123NB,4
TQ123ND,4
TQ123NE,8
TQ123NF,4
TQ123NG,9
TQ123NH,9
TQ123NJ,9
TQ123NL,9
TQ123NN,9
TQ123NP,5
TQ123NQ,9
TQ123NR,5
TQ123NS,5
TQ123NT,9
TQ123NU,9
TQ123NW,9
TQ123NX,9
TQ123NY,5
TQ123NZ,5
TQ123PA,5
TQ123PB,5
TQ123PD,5
TQ123PE,9
TQ123PF,9
TQ123PG,9
TQ123PH,6
TQ123PJ,6
TQ123PL,5
TQ123PN,4
TQ123PP,5
TQ123PQ,3
TQ123PR,5
TQ123PS,5
TQ123PT,9
TQ123PU,5
TQ123PW,5
TQ123PX,9
TQ123PY,9
TQ123PZ,9
TQ123QA,10
TQ123QB,8
TQ123QD,8
TQ123QE,8
TQ123QF,8
TQ123QG,10
TQ123QH,4
TQ123QJ,5
TQ123QL,9
TQ123QN,8
TQ123QP,10
TQ123QQ,8
TQ123QR,6
TQ123QS,10
TQ123QT,4
TQ123QU,8
TQ123QX,10
TQ123QY,5
TQ123RA,8
TQ123RB,8
TQ123RD,8
TQ123RE,8
TQ123RF,5
TQ123RG,8
TQ123RH,8
TQ123RJ,8
TQ123RL,8
TQ123RN,6
TQ123RP,6
TQ123RQ,5
TQ123RR,5
TQ123RS,4
TQ123RT,8
TQ123RZ,6
TQ123SA,4
TQ123SB,4
TQ123SD,4
TQ123SE,4
TQ123SF,4
TQ123SG,4
TQ123SH,4
TQ123SJ,6
TQ123SL,4
TQ123SN,4
TQ123SP,4
TQ123SQ,4
TQ123SR,4
TQ123SS,4
TQ123ST,4
TQ123SU,4
TQ123SW,4
TQ123SX,4
TQ123SY,4
TQ123SZ,4
TQ123TA,8
TQ123TB,4
TQ123TD,4
TQ123TE,5
TQ123TF,5
TQ123TG,5
TQ123TH,5
TQ123TJ,5
TQ123TL,10
TQ123TN,5
TQ123TP,9
TQ123TR,9
TQ123TS,9
TQ123TT,10
TQ123TU,5
TQ123TW,9
TQ123UA,4
TQ123UB,4
TQ123UD,4
TQ123WA,4
TQ123WB,4
TQ123WD,4
TQ123WG,4
TQ123WJ,4
TQ123WU,4
TQ123WW,4
TQ123WX,4
TQ123WY,4
TQ123WZ,4
TQ123XA,8
TQ123XB,9
TQ123XD,9
TQ123XE,8
TQ123XF,5
TQ123XG,3
TQ123XH,3
TQ123XJ,3
TQ123XQ,3
TQ123XT,3
TQ123XU,3
TQ123XW,3
TQ123XX,3
TQ123XY,4
TQ123XZ,3
TQ123YA,8
TQ123YB,8
TQ123YD,10
TQ123YE,10
TQ123YF,10
TQ123YG,10
TQ123YH,8
TQ123YJ,8
TQ123YL,3
TQ123YN,10
TQ123YP,10
TQ123YQ,10
TQ123YR,10
TQ123YS,10
TQ123YT,10
TQ123YU,10
TQ123YW,8
TQ123YX,10
TQ123YY,10
TQ123YZ,10
TQ123ZA,3
TQ123ZB,3
TQ123ZD,8
TQ123ZE,10
TQ123ZF,3
TQ123ZG,8
TQ123ZH,4
TQ123ZJ,8
TQ123ZL,4
TQ123ZN,3
TQ123ZP,3
TQ123ZQ,4
TQ123ZR,8
TQ123ZS,4
TQ123ZT,3
TQ123ZU,3
TQ123ZW,4
TQ123ZX,3
TQ124AA,4
TQ124AB,4
TQ124AD,4
TQ124AE,4
TQ124AF,4
TQ124AG,4
TQ124AH,6
TQ124AJ,4
TQ124AL,7
TQ124AN,5
TQ124AP,7
TQ124AQ,4
TQ124AR,7
TQ124AS,5
TQ124AT,5
TQ124AU,5
TQ124AW,4
TQ124AX,7
TQ124AY,2
TQ124AZ,2
TQ124BA,2
TQ124BB,2
TQ124BD,2
TQ124BE,3
TQ124BG,7
TQ124BH,2
TQ124BJ,2
TQ124BL,2
TQ124BN,7
TQ124BP,3
TQ124BQ,7
TQ124BS,7
TQ124BT,4
TQ124BU,7
TQ124BW,5
TQ124BX,5
TQ124BY,6
TQ124BZ,7
TQ124DA,2
TQ124DB,2
TQ124DD,2
TQ124DE,7
TQ124DF,2
TQ124DG,3
TQ124DH,3
TQ124DJ,3
TQ124DL,3
TQ124DN,3
TQ124DP,3
TQ124DQ,3
TQ124DR,5
TQ124DS,5
TQ124DT,5
TQ124DU,5
TQ124DW,3
TQ124DX,2
TQ124DY,5
TQ124DZ,4
TQ124EA,7
TQ124EB,7
TQ124ED,7
TQ124EE,3
TQ124EF,3
TQ124EG,3
TQ124EH,5
TQ124EJ,3
TQ124EL,3
TQ124EN,3
TQ124EP,5
TQ124EQ,3
TQ124ER,5
TQ124ES,3
TQ124ET,5
TQ124EU,6
TQ124EW,5
TQ124EX,4
TQ124EY,4
TQ124EZ,3
TQ124FA,6
TQ124FB,6
TQ124FD,4
TQ124FE,6
TQ124FF,5
TQ124FG,5
TQ124FH,6
TQ124FJ,6
TQ124FL,6
TQ124FN,6
TQ124FP,6
TQ124FQ,6
TQ124FR,2
TQ124FS,4
TQ124HA,2
TQ124HB,2
TQ124HD,2
TQ124HE,3
TQ124HF,3
TQ124HG,2
TQ124HH,3
TQ124HJ,2
TQ124HL,2
TQ124HN,3
TQ124HP,2
TQ124HQ,2
TQ124HR,2
TQ124HS,2
TQ124HT,2
TQ124HU,2
TQ124HW,3
TQ124HX,2
TQ124HY,2
TQ124HZ,6
TQ124JA,5
TQ124JB,5
TQ124JD,5
TQ124JE,5
TQ124JF,5
TQ124JG,9
TQ124JH,9
TQ124JJ,5
TQ124JL,5
TQ124JN,5
TQ124JP,5
TQ124JQ,9
TQ124JR,5
TQ124JS,5
TQ124JU,9
TQ124JW,5
TQ124JX,9
TQ124JY,9
TQ124JZ,9
TQ124LA,7
TQ124LB,7
TQ124LD,7
TQ124LE,7
TQ124LF,7
TQ124LG,7
TQ124LH,7
TQ124LJ,7
TQ124LL,7
TQ124LN,7
TQ124LP,9
TQ124LQ,7
TQ124LR,7
TQ124LS,7
TQ124LT,7
TQ124LW,7
TQ124NA,7
TQ124NB,7
TQ124ND,7
TQ124NE,7
TQ124NF,7
TQ124NG,7
TQ124NH,9
TQ124NJ,7
TQ124NL,9
TQ124NN,9
TQ124NP,9
TQ124NQ,9
TQ124NR,9
TQ124NS,9
TQ124NT,9
TQ124NU,9
TQ124NW,9
TQ124NX,9
TQ124NY,9
TQ124NZ,9
TQ124PA,4
TQ124PB,4
TQ124PD,3
TQ124PE,4
TQ124PF,4
TQ124PG,9
TQ124PH,4
TQ124PJ,4
TQ124PL,4
TQ124PN,4
TQ124PP,4
TQ124PQ,9
TQ124PR,4
TQ124PS,4
TQ124PT,6
TQ124PU,4
TQ124PW,4
TQ124PX,4
TQ124PY,4
TQ124PZ,9
TQ124QA,8
TQ124QB,8
TQ124QD,8
TQ124QE,8
TQ124QF,8
TQ124QG,8
TQ124QH,8
TQ124QJ,8
TQ124QL,8
TQ124QN,8
TQ124QP,8
TQ124QQ,8
TQ124QR,8
TQ124QS,8
TQ124QT,8
TQ124QU,8
TQ124QW,8
TQ124QX,8
TQ124RA,6
TQ124RB,6
TQ124RD,6
TQ124RE,6
TQ124RF,6
TQ124RG,6
TQ124RH,6
TQ124RJ,6
TQ124RL,6
TQ124RN,6
TQ124RP,6
TQ124RQ,6
TQ124RR,6
TQ124RS,8
TQ124RT,6
TQ124RU,6
TQ124RW,6
TQ124RX,6
TQ124SA,6
TQ124SB,6
TQ124SD,8
TQ124SE,6
TQ124SF,6
TQ124SG,9
TQ124SH,6
TQ124SJ,6
TQ124SL,6
TQ124SN,6
TQ124SP,6
TQ124SQ,5
TQ124SR,6
TQ124SS,6
TQ124ST,6
TQ124SU,7
TQ124SW,6
TQ124SX,4
TQ124SY,6
TQ124SZ,6
TQ124TA,5
TQ124TB,6
TQ124TG,9
TQ124TH,9
TQ124TJ,9
TQ124TL,9
TQ124TN,9
TQ124TP,3
TQ124TQ,9
TQ124TR,2
TQ124TW,7
TQ124TX,4
TQ124TY,4
TQ124TZ,9
TQ124UA,6
TQ124UB,4
TQ124UD,4
TQ124UE,4
TQ124UF,4
TQ124UG,6
TQ124UH,4
TQ124UL,7
TQ124UN,9
TQ124UQ,7
TQ124UY,5
TQ124WA,7
TQ124WB,4
TQ124WD,7
TQ124WG,7
TQ124WW,5
TQ124WX,7
TQ124WY,4
TQ124XE,5
TQ124XF,4
TQ124XG,4
TQ124XH,3
TQ124XJ,4
TQ124XL,4
TQ124XN,4
TQ124XP,4
TQ124XQ,4
TQ124XR,4
TQ124XS,4
TQ124XT,5
TQ124XU,4
TQ124XW,4
TQ124XX,4
TQ124XY,5
TQ124XZ,5
TQ124YA,3
TQ124YB,4
TQ124YD,5
TQ124YE,5
TQ124YF,4
TQ124YG,4
TQ124YH,3
TQ124YJ,5
TQ124YL,5
TQ124YN,4
TQ124YP,3
TQ124YQ,4
TQ124YR,4
TQ124YS,4
TQ124YT,3
TQ124YU,4
TQ124YW,4
TQ124YX,4
TQ124YY,3
TQ124YZ,3
TQ124ZA,5
TQ124ZB,5
TQ124ZD,4
TQ124ZE,4
TQ124ZF,3
TQ124ZG,4
TQ124ZL,3
TQ124ZN,3
TQ124ZP,4
TQ124ZQ,3
TQ124ZR,4
TQ124ZS,3
TQ124ZT,4
TQ124ZU,4
TQ124ZW,4
TQ124ZY,4
TQ125AA,4
TQ125AB,7
TQ125AD,7
TQ125AE,7
TQ125AF,7
TQ125AG,7
TQ125AH,7
TQ125AJ,7
TQ125AL,7
TQ125AN,7
TQ125AP,4
TQ125AQ,7
TQ125AR,7
TQ125AS,7
TQ125AT,7
TQ125AU,7
TQ125AW,7
TQ125AX,7
TQ125AY,7
TQ125AZ,7
TQ125BA,7
TQ125BB,7
TQ125BD,7
TQ125BE,7
TQ125BG,7
TQ125BH,4
TQ125BJ,4
TQ125BL,4
TQ125BN,7
TQ125BP,7
TQ125BQ,4
TQ125BS,7
TQ125BT,7
TQ125BU,7
TQ125BW,7
TQ125BY,4
TQ125BZ,9
TQ125DA,4
TQ125DB,7
TQ125DD,4
TQ125DE,4
TQ125DF,4
TQ125DG,4
TQ125DH,4
TQ125DJ,4
TQ125DL,4
TQ125DN,4
TQ125DP,4
TQ125DQ,4
TQ125DR,8
TQ125DS,8
TQ125DT,8
TQ125DU,8
TQ125DW,4
TQ125DX,8
TQ125DY,8
TQ125DZ,8
TQ125EA,8
TQ125EB,4
TQ125ED,8
TQ125EE,4
TQ125EF,8
TQ125EG,7
TQ125EH,4
TQ125EJ,4
TQ125EL,4
TQ125EN,6
TQ125EP,6
TQ125EQ,7
TQ125ER,6
TQ125ES,4
TQ125ET,8
TQ125EU,4
TQ125EW,6
TQ125EX,4
TQ125EY,8
TQ125EZ,8
TQ125FA,3
TQ125FB,4
TQ125FD,8
TQ125FE,4
TQ125FF,8
TQ125FG,4
TQ125FH,7
TQ125FJ,4
TQ125FL,7
TQ125FN,7
TQ125FP,9
TQ125FQ,8
TQ125FR,8
TQ125FT,8
TQ125GA,7
TQ125GB,7
TQ125GD,4
TQ125GE,4
TQ125GH,8
TQ125HA,8
TQ125HB,8
TQ125HD,8
TQ125HE,8
TQ125HF,8
TQ125HG,8
TQ125HH,8
TQ125HJ,8
TQ125HL,8
TQ125HN,4
TQ125HP,8
TQ125HQ,8
TQ125HR,8
TQ125HS,4
TQ125HT,4
TQ125HU,4
TQ125HW,4
TQ125HX,4
TQ125HY,4
TQ125HZ,4
TQ125JA,4
TQ125JB,4
TQ125JD,4
TQ125JE,4
TQ125JF,8
TQ125JG,8
TQ125JH,8
TQ125JJ,8
TQ125JL,8
TQ125JN,8
TQ125JP,4
TQ125JQ,8
TQ125JR,4
TQ125JS,8
TQ125JT,4
TQ125JU,6
TQ125JW,8
TQ125JX,4
TQ125JY,4
TQ125JZ,4
TQ125LA,8
TQ125LB,7
TQ125LD,7
TQ125LE,7
TQ125LF,8
TQ125LG,8
TQ125LH,8
TQ125LJ,8
TQ125LL,9
TQ125LN,8
TQ125LP,8
TQ125LQ,8
TQ125LR,8
TQ125LS,8
TQ125LT,8
TQ125LU,8
TQ125LW,8
TQ125LX,8
TQ125LY,6
TQ125LZ,6
TQ125NA,6
TQ125NB,6
TQ125ND,6
TQ125NE,8
TQ125NF,8
TQ125NG,8
TQ125NH,8
TQ125NJ,8
TQ125NL,8
TQ125NN,8
TQ125NP,8
TQ125NQ,8
TQ125NR,8
TQ125NS,8
TQ125NT,8
TQ125NU,8
TQ125NW,8
TQ125NX,8
TQ125NY,8
TQ125NZ,8
TQ125PA,8
TQ125PB,8
TQ125PD,8
TQ125PE,8
TQ125PF,8
TQ125PG,8
TQ125PH,8
TQ125PJ,8
TQ125PL,8
TQ125PN,8
TQ125PP,6
TQ125PQ,8
TQ125PR,8
TQ125PS,8
TQ125PT,8
TQ125PU,8
TQ125PW,8
TQ125PX,8
TQ125PY,8
TQ125PZ,8
TQ125QA,8
TQ125QB,8
TQ125QD,8
TQ125QE,8
TQ125QF,8
TQ125QG,9
TQ125QH,9
TQ125QJ,9
TQ125QL,9
TQ125QN,8
TQ125QP,9
TQ125QQ,9
TQ125QR,9
TQ125QS,9
TQ125QT,9
TQ125QU,8
TQ125QW,9
TQ125QX,8
TQ125QY,9
TQ125QZ,8
TQ125RA,8
TQ125RB,8
TQ125RD,8
TQ125RE,8
TQ125RF,8
TQ125RG,8
TQ125RH,8
TQ125RJ,8
TQ125RL,9
TQ125RN,8
TQ125RP,8
TQ125RQ,9
TQ125RR,8
TQ125RS,8
TQ125RT,8
TQ125RU,9
TQ125RW,8
TQ125RX,9
TQ125RY,8
TQ125RZ,8
TQ125SA,9
TQ125SB,9
TQ125SD,8
TQ125SE,8
TQ125SF,8
TQ125SG,9
TQ125SH,9
TQ125SJ,9
TQ125SL,9
TQ125SN,9
TQ125SP,8
TQ125SQ,8
TQ125SR,8
TQ125SS,8
TQ125ST,8
TQ125SU,8
TQ125SW,8
TQ125SX,9
TQ125SY,8
TQ125SZ,8
TQ125TA,9
TQ125TB,9
TQ125TD,9
TQ125TE,8
TQ125TF,8
TQ125TG,8
TQ125TH,3
TQ125TJ,8
TQ125TL,8
TQ125TN,9
TQ125TP,9
TQ125TQ,9
TQ125TR,5
TQ125TS,9
TQ125TT,9
TQ125TU,9
TQ125TW,5
TQ125TX,9
TQ125TY,9
TQ125TZ,9
TQ125UA,9
TQ125UB,9
TQ125UD,8
TQ125UE,9
TQ125UF,9
TQ125UG,9
TQ125UH,7
TQ125UJ,9
TQ125UL,9
TQ125UN,9
TQ125UP,5
TQ125UQ,9
TQ125UR,5
TQ125US,9
TQ125UT,9
TQ125UU,9
TQ125UW,7
TQ125UX,9
TQ125UY,8
TQ125UZ,6
TQ125WA,7
TQ125WB,7
TQ125WD,8
TQ125WE,4
TQ125WP,4
TQ125WQ,4
TQ125WR,4
TQ125WS,8
TQ125WT,4
TQ125WU,4
TQ125WW,4
TQ125WX,4
TQ125WY,8
TQ125WZ,8
TQ125XA,3
TQ125XB,8
TQ125XD,4
TQ125XE,4
TQ125XH,4
TQ125XQ,4
TQ125XR,3
TQ125XS,4
TQ125XT,8
TQ125XU,3
TQ125XW,8
TQ125XX,8
TQ125XY,3
TQ125XZ,7
TQ125YA,8
TQ125YB,8
TQ125YD,4
TQ125YE,8
TQ125YF,8
TQ125YG,8
TQ125YH,8
TQ125YJ,9
TQ125YL,8
TQ125YN,8
TQ125YP,8
TQ125YQ,8
TQ125YR,8
TQ125YS,8
TQ125YT,8
TQ125YU,4
TQ125YW,8
TQ125YX,4
TQ125YY,8
TQ125YZ,6
TQ125ZB,3
TQ125ZD,4
TQ125ZE,4
TQ125ZF,3
TQ125ZG,3
TQ125ZH,3
TQ125ZJ,3
TQ125ZL,3
TQ125ZN,8
TQ125ZP,8
TQ125ZQ,3
TQ125ZT,4
TQ125ZX,4
TQ126AA,6
TQ126AB,9
TQ126AD,6
TQ126AE,10
TQ126AF,10
TQ126AG,5
TQ126AH,5
TQ126AJ,5
TQ126AL,5
TQ126AN,5
TQ126AP,5
TQ126AQ,5
TQ126AR,5
TQ126AS,5
TQ126AT,5
TQ126AU,5
TQ126AW,5
TQ126AX,5
TQ126AY,5
TQ126AZ,5
TQ126BA,5
TQ126BB,5
TQ126BD,5
TQ126BE,5
TQ126BG,5
TQ126BH,5
TQ126BJ,5
TQ126BL,5
TQ126BN,6
TQ126BP,5
TQ126BQ,5
TQ126BS,6
TQ126BT,6
TQ126BU,6
TQ126BW,6
TQ126BX,10
TQ126BY,6
TQ126BZ,5
TQ126DA,5
TQ126DB,5
TQ126DD,9
TQ126DE,9
TQ126DF,8
TQ126DG,5
TQ126DH,5
TQ126DJ,7
TQ126DL,5
TQ126DN,5
TQ126DP,7
TQ126DQ,5
TQ126DR,7
TQ126DS,7
TQ126DT,7
TQ126DU,7
TQ126DW,5
TQ126DX,7
TQ126DY,7
TQ126DZ,7
TQ126EA,7
TQ126EB,7
TQ126ED,5
TQ126EE,7
TQ126EF,5
TQ126EG,7
TQ126EH,7
TQ126EJ,7
TQ126EL,5
TQ126EN,7
TQ126EP,5
TQ126EQ,7
TQ126ER,7
TQ126ES,7
TQ126ET,7
TQ126EU,7
TQ126EW,5
TQ126EX,3
TQ126EY,9
TQ126EZ,9
TQ126FA,10
TQ126FB,10
TQ126FD,6
TQ126FE,10
TQ126FF,10
TQ126FG,10
TQ126FH,10
TQ126FJ,6
TQ126FL,6
TQ126FN,5
TQ126FP,3
TQ126FQ,10
TQ126FR,5
TQ126FS,6
TQ126FT,10
TQ126FU,9
TQ126FW,5
TQ126FZ,7
TQ126GA,6
TQ126GB,9
TQ126GD,9
TQ126GE,9
TQ126GF,9
TQ126GG,9
TQ126GH,9
TQ126GJ,6
TQ126GL,9
TQ126GN,6
TQ126GP,5
TQ126GQ,7
TQ126GR,5
TQ126GS,5
TQ126GT,7
TQ126GU,7
TQ126GW,5
TQ126GX,6
TQ126GY,6
TQ126GZ,9
TQ126HA,9
TQ126HB,9
TQ126HD,9
TQ126HE,9
TQ126HF,9
TQ126HG,9
TQ126HH,9
TQ126HJ,9
TQ126HL,6
TQ126HN,6
TQ126HP,6
TQ126HQ,9
TQ126HR,6
TQ126HS,9
TQ126HT,6
TQ126HU,6
TQ126HW,6
TQ126HX,6
TQ126HY,6
TQ126HZ,9
TQ126JA,6
TQ126JB,6
TQ126JD,9
TQ126JE,6
TQ126JF,6
TQ126JG,9
TQ126JH,6
TQ126JJ,9
TQ126JL,9
TQ126JN,6
TQ126JP,6
TQ126JQ,6
TQ126JR,6
TQ126JS,6
TQ126JT,6
TQ126JU,6
TQ126JW,6
TQ126JX,6
TQ126JY,6
TQ126JZ,6
TQ126LA,6
TQ126LB,6
TQ126LD,6
TQ126LE,6
TQ126LF,6
TQ126LG,6
TQ126LH,6
TQ126LJ,6
TQ126LL,6
TQ126LN,6
TQ126LP,10
TQ126LQ,6
TQ126LR,6
TQ126LS,6
TQ126LT,6
TQ126LU,5
TQ126LW,5
TQ126LX,5
TQ126LY,5
TQ126LZ,5
TQ126NA,6
TQ126NB,6
TQ126ND,6
TQ126NE,6
TQ126NF,6
TQ126NG,6
TQ126NH,6
TQ126NJ,6
TQ126NL,6
TQ126NN,6
TQ126NP,6
TQ126NQ,6
TQ126NR,6
TQ126NS,6
TQ126NT,6
TQ126NU,6
TQ126NW,6
TQ126NX,6
TQ126NY,6
TQ126NZ,6
TQ126PA,7
TQ126PB,7
TQ126PD,6
TQ126PE,7
TQ126PF,7
TQ126PG,6
TQ126PH,9
TQ126PJ,9
TQ126PL,9
TQ126PN,9
TQ126PP,7
TQ126PQ,6
TQ126PR,10
TQ126PS,5
TQ126PT,6
TQ126PU,6
TQ126PW,6
TQ126PX,6
TQ126PY,6
TQ126PZ,6
TQ126QA,6
TQ126QB,6
TQ126QD,6
TQ126QE,6
TQ126QF,6
TQ126QG,5
TQ126QH,6
TQ126QJ,6
TQ126QL,5
TQ126QN,5
TQ126QP,5
TQ126QQ,6
TQ126QR,5
TQ126QS,5
TQ126QT,6
TQ126QU,5
TQ126QW,5
TQ126QX,7
TQ126QY,7
TQ126QZ,5
TQ126RA,6
TQ126RB,6
TQ126RD,6
TQ126RE,6
TQ126RF,6
TQ126RG,6
TQ126RH,6
TQ126RJ,6
TQ126RL,6
TQ126RN,6
TQ126RP,6
TQ126RQ,6
TQ126RR,6
TQ126RS,6
TQ126RT,6
TQ126RU,6
TQ126RW,6
TQ126RX,6
TQ126RY,6
TQ126RZ,6
TQ126SA,6
TQ126SB,6
TQ126SD,6
TQ126SE,6
TQ126SF,6
TQ126SG,6
TQ126SH,6
TQ126SJ,6
TQ126SL,6
TQ126SN,6
TQ126SP,6
TQ126SQ,6
TQ126SR,6
TQ126SS,6
TQ126ST,6
TQ126SU,6
TQ126SW,6
TQ126SX,6
TQ126SY,6
TQ126SZ,6
TQ126TA,3
TQ126TB,6
TQ126TD,6
TQ126TE,6
TQ126TF,6
TQ126TG,6
TQ126TH,6
TQ126TJ,6
TQ126TL,6
TQ126TN,6
TQ126TP,6
TQ126TQ,6
TQ126TR,6
TQ126TS,6
TQ126TT,6
TQ126TU,6
TQ126TW,6
TQ126TX,6
TQ126TY,6
TQ126TZ,6
TQ126UA,6
TQ126UB,6
TQ126UD,6
TQ126UE,6
TQ126UF,4
TQ126UG,10
TQ126UH,5
TQ126UJ,9
TQ126UL,9
TQ126UN,9
TQ126UP,9
TQ126UQ,9
TQ126UR,9
TQ126US,6
TQ126UT,6
TQ126UU,6
TQ126UW,9
TQ126UX,6
TQ126UY,6
TQ126UZ,6
TQ126WA,4
TQ126WB,9
TQ126WD,4
TQ126WE,9
TQ126WF,9
TQ126WG,4
TQ126WH,9
TQ126WJ,9
TQ126WX,4
TQ126WY,4
TQ126WZ,4
TQ126XA,4
TQ126XB,3
TQ126XD,9
TQ126XE,6
TQ126XF,4
TQ126XG,4
TQ126XH,4
TQ126XJ,4
TQ126XL,3
TQ126XN,4
TQ126XP,4
TQ126XQ,3
TQ126XR,3
TQ126XS,4
TQ126XT,6
TQ126XU,6
TQ126XW,3
TQ126XX,6
TQ126XY,6
TQ126XZ,6
TQ126YA,10
TQ126YB,10
TQ126YD,10
TQ126YE,10
TQ126YF,6
TQ126YG,5
TQ126YH,5
TQ126YJ,10
TQ126YL,10
TQ126YN,10
TQ126YP,10
TQ126YQ,5
TQ126YR,10
TQ126YS,10
TQ126YT,5
TQ126YU,9
TQ126YW,5
TQ126YX,9
TQ126YY,9
TQ126YZ,10
TQ126ZA,6
TQ126ZB,6
TQ126ZD,4
TQ126ZE,6
TQ126ZF,6
TQ126ZG,6
TQ126ZH,3
TQ126ZJ,4
TQ126ZL,3
TQ126ZN,4
TQ126ZP,3
TQ126ZQ,3
TQ126ZR,3
TQ126ZS,4
TQ126ZT,3
TQ126ZX,6
TQ126ZY,3
TQ129AA,4
TQ129AB,4
TQ129AD,4
TQ129AE,4
TQ129AF,4
TQ129AG,4
TQ129AH,4
TQ129AJ,4
TQ129AL,4
TQ129AN,4
TQ129AP,4
TQ129AQ,4
TQ129AR,4
TQ129AS,4
TQ129AT,4
TQ129AU,4
TQ129AW,4
TQ129AX,4
TQ129AY,4
TQ129AZ,4
TQ129BA,4
TQ129BB,4
TQ129BD,4
TQ129BE,4
TQ129BF,4
TQ129BG,4
TQ129BH,4
TQ129BJ,4
TQ129BL,4
TQ129BN,4
TQ129BP,4
TQ129BQ,4
TQ129BS,4
TQ129BT,4
TQ129BU,4
TQ129BW,4
TQ129BX,4
TQ129BY,4
TQ129BZ,4
TQ129DA,4
TQ129DB,4
TQ129DD,4
TQ129DE,4
TQ129DF,4
TQ129DG,4
TQ129DH,4
TQ129DJ,4
TQ129DL,4
TQ129DN,4
TQ129DP,4
TQ129DQ,4
TQ129DR,4
TQ129DS,4
TQ129DT,4
TQ129DU,4
TQ129DW,4
TQ129DX,4
TQ129DY,4
TQ129DZ,4
TQ129EA,4
TQ129EB,4
TQ129ED,4
TQ129EE,4
TQ129EF,4
TQ129EG,4
TQ129EH,4
TQ129EJ,4
TQ129EL,4
TQ129EN,4
TQ129EP,4
TQ129EQ,4
TQ129ER,4
TQ129ES,4
TQ129ET,4
TQ129EU,4
TQ129EW,4
TQ129EX,4
TQ129EY,4
TQ129EZ,4
TQ129FA,4
TQ129FB,4
TQ129FD,4
TQ129FE,4
TQ129FF,4
TQ129FG,4
TQ129FH,4
TQ129FJ,4
TQ129FL,4
TQ129FN,4
TQ129FP,4
TQ129FQ,4
TQ129FR,4
TQ129FS,4
TQ129FT,4
TQ129FU,4
TQ129FW,4
TQ129FX,4
TQ129FY,4
TQ129FZ,4
TQ129GA,4
TQ129GB,4
TQ129GD,4
TQ129GE,4
TQ129GF,4
TQ129GG,4
TQ129GH,4
TQ129GJ,4
TQ129GL,4
TQ129GN,4
TQ129GP,4
TQ129GQ,4
TQ129GR,4
TQ129GS,4
TQ129GT,4
TQ129GU,4
TQ129GW,4
TQ129GX,4
TQ129GY,4
TQ129GZ,4
TQ129HA,4
TQ129HB,4
TQ129HD,4
TQ129HE,4
TQ129HF,4
TQ129HG,4
TQ129HH,4
TQ129HJ,4
TQ129HL,4
TQ129HN,4
TQ129HP,4
TQ129HQ,4
TQ129HR,4
TQ129HS,4
TQ129HT,4
TQ129HU,4
TQ129HW,4
TQ129HX,4
TQ129HY,4
TQ129HZ,4
TQ129JA,4
TQ129JB,4
TQ129JD,4
TQ129JE,4
TQ129JF,4
TQ129JG,4
TQ129JH,4
TQ129JJ,4
TQ129JP,4
TQ129JQ,4
TQ129LJ,4
TQ129QR,6
TQ129SA,4
TQ129SB,4
TQ129SD,4
TQ129SE,4
TQ129SF,4
TQ129SG,4
TQ129SH,4
TQ129SJ,4
TQ129SL,4
TQ129SN,4
TQ129SP,4
TQ129SQ,4
TQ129SR,4
TQ129SS,4
TQ129ST,4
TQ129SU,4
TQ129SW,4
TQ129SX,4
TQ129SY,4
TQ129SZ,4
TQ129TA,4
TQ129TB,4
TQ129TD,4
TQ129TE,4
TQ129TF,4
TQ129TH,4
TQ129ZZ,4
TQ130AA,10
TQ130AB,6
TQ130AD,6
TQ130AE,6
TQ130AF,6
TQ130AG,5
TQ130AH,6
TQ130AJ,5
TQ130AL,8
TQ130AN,5
TQ130AP,5
TQ130AQ,5
TQ130AR,8
TQ130AS,8
TQ130AT,8
TQ130AU,8
TQ130AW,5
TQ130AX,8
TQ130AY,8
TQ130AZ,8
TQ130BA,8
TQ130BB,8
TQ130BD,8
TQ130BE,8
TQ130BG,8
TQ130BH,8
TQ130BJ,8
TQ130BL,8
TQ130BN,8
TQ130BP,8
TQ130BQ,8
TQ130BS,6
TQ130BT,6
TQ130BU,6
TQ130BW,8
TQ130BX,8
TQ130BY,5
TQ130BZ,3
TQ130DA,6
TQ130DB,6
TQ130DD,6
TQ130DE,6
TQ130DF,6
TQ130DG,6
TQ130DH,6
TQ130DJ,6
TQ130DL,6
TQ130DN,6
TQ130DP,6
TQ130DQ,6
TQ130DR,6
TQ130DS,6
TQ130DT,6
TQ130DU,6
TQ130DW,6
TQ130DX,6
TQ130DY,6
TQ130DZ,6
TQ130EA,5
TQ130EB,6
TQ130ED,5
TQ130EE,5
TQ130EF,6
TQ130EG,6
TQ130EH,6
TQ130EJ,6
TQ130EL,6
TQ130EN,6
TQ130EP,6
TQ130EQ,5
TQ130ER,6
TQ130ES,6
TQ130ET,6
TQ130EU,6
TQ130EW,6
TQ130EX,6
TQ130EY,6
TQ130EZ,6
TQ130FA,5
TQ130FB,5
TQ130FD,5
TQ130FE,6
TQ130FF,6
TQ130FG,8
TQ130FH,6
TQ130FJ,5
TQ130FL,6
TQ130FN,6
TQ130FR,6
TQ130GA,6
TQ130GB,10
TQ130GD,5
TQ130GE,5
TQ130GG,6
TQ130GZ,10
TQ130HA,6
TQ130HB,6
TQ130HD,6
TQ130HE,6
TQ130HF,6
TQ130HG,6
TQ130HH,6
TQ130HJ,6
TQ130HL,5
TQ130HN,6
TQ130HP,6
TQ130HQ,6
TQ130HR,6
TQ130HS,6
TQ130HT,6
TQ130HU,10
TQ130HW,6
TQ130HX,6
TQ130HY,5
TQ130HZ,10
TQ130JA,5
TQ130JB,5
TQ130JD,5
TQ130JE,5
TQ130JF,5
TQ130JG,10
TQ130JH,5
TQ130JJ,5
TQ130JL,10
TQ130JN,10
TQ130JP,5
TQ130JQ,10
TQ130JR,5
TQ130JS,5
TQ130JT,6
TQ130JU,5
TQ130JW,5
TQ130JX,6
TQ130JY,6
TQ130JZ,5
TQ130LA,5
TQ130LB,6
TQ130LD,6
TQ130LE,10
TQ130LF,10
TQ130LG,6
TQ130LH,6
TQ130LJ,6
TQ130LL,6
TQ130LN,6
TQ130LP,6
TQ130LQ,10
TQ130LR,6
TQ130LS,10
TQ130LT,10
TQ130LU,6
TQ130LW,10
TQ130LX,6
TQ130LY,6
TQ130LZ,6
TQ130NA,6
TQ130NB,10
TQ130ND,10
TQ130NE,5
TQ130NF,6
TQ130NG,6
TQ130NH,6
TQ130NJ,6
TQ130NL,6
TQ130NN,6
TQ130NP,6
TQ130NQ,6
TQ130NR,6
TQ130NS,6
TQ130NT,6
TQ130NU,6
TQ130NW,6
TQ130NX,6
TQ130NY,6
TQ130NZ,6
TQ130PA,5
TQ130PB,5
TQ130PD,6
TQ130PE,6
TQ130PF,5
TQ130PG,6
TQ130PH,10
TQ130PJ,10
TQ130PL,10
TQ130PN,10
TQ130PP,10
TQ130PQ,6
TQ130PR,10
TQ130PS,6
TQ130PT,6
TQ130PU,6
TQ130PW,10
TQ130PX,6
TQ130PY,6
TQ130PZ,6
TQ130QA,8
TQ130QB,10
TQ130QD,8
TQ130QE,6
TQ130QF,5
TQ130QG,5
TQ130QH,6
TQ130QJ,6
TQ130QL,6
TQ130QN,6
TQ130QP,6
TQ130QQ,10
TQ130QZ,5
TQ130RA,6
TQ130RB,10
TQ130RD,6
TQ130RE,6
TQ130RF,6
TQ130RH,6
TQ130WA,6
TQ130WB,6
TQ130WD,6
TQ130WG,6
TQ130WP,6
TQ130WQ,6
TQ130WR,6
TQ130WS,6
TQ130WT,6
TQ130WU,6
TQ130WW,6
TQ130WX,6
TQ130WY,6
TQ130WZ,6
TQ130XA,6
TQ130XJ,6
TQ130XS,6
TQ130XT,6
TQ130XU,6
TQ130XW,3
TQ130XX,3
TQ130XY,5
TQ130XZ,5
TQ130YA,6
TQ130YB,6
TQ130YD,3
TQ130YE,6
TQ130YF,3
TQ130YG,5
TQ130YH,5
TQ130YJ,5
TQ130YL,5
TQ130YN,3
TQ130YP,6
TQ130YQ,6
TQ130YR,3
TQ130YS,5
TQ130YT,6
TQ130YW,3
TQ130YX,6
TQ130YY,6
TQ130YZ,6
TQ130ZB,6
TQ130ZQ,6
TQ137AA,4
TQ137AB,4
TQ137AD,4
TQ137AE,4
TQ137AF,4
TQ137AG,4
TQ137AH,4
TQ137AJ,4
TQ137AL,4
TQ137AN,4
TQ137AP,4
TQ137AQ,4
TQ137AR,4
TQ137AS,4
TQ137AT,4
TQ137AU,4
TQ137AW,4
TQ137AX,4
TQ137AY,4
TQ137AZ,4
TQ137BA,4
TQ137BB,4
TQ137BD,4
TQ137BE,4
TQ137BG,4
TQ137BH,4
TQ137BJ,6
TQ137BL,6
TQ137BN,6
TQ137BP,6
TQ137BQ,6
TQ137BS,6
TQ137BT,6
TQ137BU,6
TQ137BW,6
TQ137BX,6
TQ137BY,6
TQ137BZ,4
TQ137DA,6
TQ137DB,6
TQ137DD,4
TQ137DE,4
TQ137DF,8
TQ137DG,8
TQ137DH,8
TQ137DJ,6
TQ137DL,4
TQ137DN,4
TQ137DP,4
TQ137DQ,8
TQ137DR,4
TQ137DS,4
TQ137DT,4
TQ137DU,4
TQ137DW,4
TQ137DX,4
TQ137DY,4
TQ137DZ,8
TQ137EA,4
TQ137EB,8
TQ137ED,8
TQ137EE,8
TQ137EF,8
TQ137EG,4
TQ137EH,4
TQ137EJ,6
TQ137EL,6
TQ137EN,6
TQ137EP,6
TQ137EQ,4
TQ137ER,6
TQ137ES,6
TQ137ET,6
TQ137EU,6
TQ137EW,6
TQ137EX,6
TQ137EY,6
TQ137EZ,6
TQ137FA,5
TQ137FB,6
TQ137FD,4
TQ137FE,6
TQ137FF,6
TQ137FG,6
TQ137FH,4
TQ137FJ,4
TQ137FL,6
TQ137FN,4
TQ137FP,8
TQ137GA,6
TQ137HA,6
TQ137HB,8
TQ137HD,8
TQ137HE,8
TQ137HF,8
TQ137HG,8
TQ137HH,8
TQ137HJ,8
TQ137HL,8
TQ137HN,8
TQ137HP,8
TQ137HQ,8
TQ137HR,6
TQ137HS,6
TQ137HT,6
TQ137HU,6
TQ137HW,8
TQ137HX,8
TQ137HY,6
TQ137HZ,6
TQ137JA,6
TQ137JB,6
TQ137JD,6
TQ137JE,8
TQ137JF,8
TQ137JG,4
TQ137JH,5
TQ137JJ,5
TQ137JL,8
TQ137JN,8
TQ137JP,6
TQ137JQ,8
TQ137JR,7
TQ137JS,7
TQ137JT,7
TQ137JU,7
TQ137JW,8
TQ137JX,7
TQ137JY,6
TQ137JZ,6
TQ137LA,4
TQ137LB,6
TQ137LD,6
TQ137LE,5
TQ137LF,6
TQ137LG,6
TQ137LH,6
TQ137LJ,6
TQ137LL,7
TQ137LN,7
TQ137LP,7
TQ137LQ,6
TQ137LR,7
TQ137LS,7
TQ137LT,5
TQ137LU,5
TQ137LW,7
TQ137LX,5
TQ137LY,5
TQ137LZ,5
TQ137NA,5
TQ137NB,5
TQ137ND,5
TQ137NE,5
TQ137NF,5
TQ137NG,5
TQ137NH,4
TQ137NJ,8
TQ137NL,6
TQ137NN,8
TQ137NP,5
TQ137NQ,5
TQ137NR,5
TQ137NS,5
TQ137NT,5
TQ137NU,5
TQ137NW,8
TQ137NX,5
TQ137NY,5
TQ137NZ,5
TQ137PA,5
TQ137PB,5
TQ137PD,5
TQ137PE,5
TQ137PF,5
TQ137PG,5
TQ137PH,5
TQ137PJ,5
TQ137PL,5
TQ137PN,5
TQ137PP,5
TQ137PQ,5
TQ137PR,5
TQ137PS,5
TQ137PT,5
TQ137PU,5
TQ137PW,5
TQ137PX,5
TQ137PY,4
TQ137QA,6
TQ137QB,4
TQ137QD,4
TQ137QE,4
TQ137QF,4
TQ137QG,4
TQ137QH,4
TQ137QJ,4
TQ137QL,4
TQ137QN,4
TQ137QP,4
TQ137QQ,4
TQ137QR,4
TQ137QS,6
TQ137QT,6
TQ137QU,8
TQ137QW,4
TQ137QX,8
TQ137QY,8
TQ137QZ,8
TQ137RA,8
TQ137RB,8
TQ137RD,8
TQ137RE,8
TQ137RF,8
TQ137RG,8
TQ137RH,8
TQ137RJ,8
TQ137RL,8
TQ137RN,4
TQ137RP,4
TQ137RQ,8
TQ137RR,5
TQ137RS,5
TQ137RT,5
TQ137RU,5
TQ137RW,5
TQ137RX,5
TQ137RY,5
TQ137RZ,5
TQ137SA,6
TQ137SB,5
TQ137SG,5
TQ137SH,5
TQ137SJ,5
TQ137SL,5
TQ137SN,5
TQ137SP,5
TQ137SQ,5
TQ137SR,5
TQ137SS,5
TQ137ST,5
TQ137SW,5
TQ137TA,5
TQ137TB,5
TQ137TD,5
TQ137TE,5
TQ137TF,5
TQ137TG,8
TQ137TH,5
TQ137TJ,5
TQ137TL,5
TQ137TQ,5
TQ137TR,5
TQ137TS,5
TQ137TT,5
TQ137TU,5
TQ137TX,5
TQ137TY,3
TQ137TZ,3
TQ137UA,5
TQ137UB,5
TQ137UH,8
TQ137UJ,4
TQ137UL,4
TQ137UN,4
TQ137UP,6
TQ137UW,3
TQ137WA,4
TQ137WU,4
TQ137WW,6
TQ137WX,3
TQ137WY,4
TQ137WZ,3
TQ137XA,3
TQ137XG,4
TQ137XH,4
TQ137XQ,4
TQ137XT,4
TQ137XU,3
TQ137XW,4
TQ137XX,3
TQ137XZ,3
TQ137YA,4
TQ137YB,6
TQ137YD,4
TQ137YE,6
TQ137YF,4
TQ137YG,4
TQ137YH,3
TQ137YJ,3
TQ137YL,6
TQ137YN,6
TQ137YP,6
TQ137YQ,3
TQ137YR,4
TQ137YS,4
TQ137YT,3
TQ137YU,3
TQ137YW,4
TQ137YX,3
TQ137YY,6
TQ137YZ,4
TQ137ZB,6
TQ137ZD,3
TQ137ZE,3
TQ137ZJ,4
TQ137ZN,4
TQ137ZQ,4
TQ137ZR,3
TQ137ZX,3
TQ138AA,7
TQ138AB,7
TQ138AD,7
TQ138AE,7
TQ138AF,7
TQ138AG,7
TQ138AH,7
TQ138AJ,7
TQ138AL,7
TQ138AN,7
TQ138AP,7
TQ138AQ,7
TQ138AR,7
TQ138AS,7
TQ138AT,7
TQ138AU,7
TQ138AW,7
TQ138AX,7
TQ138AY,7
TQ138AZ,7
TQ138BA,7
TQ138BB,7
TQ138BD,7
TQ138BE,7
TQ138BG,7
TQ138BH,7
TQ138BJ,7
TQ138BL,7
TQ138BN,7
TQ138BP,7
TQ138BQ,7
TQ138BS,7
TQ138BT,7
TQ138BU,7
TQ138BW,7
TQ138BX,7
TQ138BY,7
TQ138BZ,7
TQ138DA,7
TQ138DB,7
TQ138DD,7
TQ138DE,7
TQ138DF,5
TQ138DG,7
TQ138DH,7
TQ138DJ,7
TQ138DL,7
TQ138DN,7
TQ138DP,7
TQ138DQ,7
TQ138DR,7
TQ138DS,7
TQ138DT,7
TQ138DU,7
TQ138DW,7
TQ138DX,7
TQ138DY,7
TQ138DZ,7
TQ138EA,7
TQ138EB,7
TQ138ED,7
TQ138EE,7
TQ138EF,7
TQ138EG,7
TQ138EH,7
TQ138EJ,7
TQ138EL,7
TQ138EN,7
TQ138EP,7
TQ138EQ,7
TQ138ER,7
TQ138ES,7
TQ138ET,7
TQ138EU,5
TQ138EW,7
TQ138EX,7
TQ138EY,7
TQ138EZ,7
TQ138FB,7
TQ138FD,7
TQ138FE,7
TQ138FF,7
TQ138FG,7
TQ138GB,7
TQ138HD,7
TQ138HE,7
TQ138HF,7
TQ138HG,7
TQ138HH,5
TQ138HJ,5
TQ138HL,5
TQ138HN,5
TQ138HP,5
TQ138HQ,7
TQ138HR,5
TQ138HS,5
TQ138HT,5
TQ138HU,5
TQ138HW,5
TQ138HX,5
TQ138HY,7
TQ138HZ,7
TQ138JA,7
TQ138JB,7
TQ138JE,7
TQ138JF,7
TQ138JG,7
TQ138JH,7
TQ138JJ,7
TQ138JL,7
TQ138JN,7
TQ138JP,5
TQ138JQ,7
TQ138JR,5
TQ138JS,5
TQ138JT,5
TQ138JU,5
TQ138JW,5
TQ138JX,5
TQ138JY,5
TQ138JZ,5
TQ138LA,7
TQ138LB,7
TQ138LE,7
TQ138LG,7
TQ138LH,7
TQ138LJ,7
TQ138LL,7
TQ138LN,7
TQ138LP,7
TQ138LQ,7
TQ138LR,7
TQ138LS,7
TQ138LT,7
TQ138LU,7
TQ138LW,7
TQ138LX,7
TQ138LY,7
TQ138LZ,7
TQ138NA,7
TQ138NB,7
TQ138ND,7
TQ138NE,7
TQ138NF,7
TQ138NG,7
TQ138NH,7
TQ138NJ,7
TQ138NL,7
TQ138NN,7
TQ138NP,7
TQ138NQ,7
TQ138NR,7
TQ138NS,7
TQ138NT,7
TQ138NU,7
TQ138NW,7
TQ138NX,7
TQ138NY,7
TQ138NZ,7
TQ138PA,7
TQ138PB,7
TQ138PD,7
TQ138PE,7
TQ138PF,7
TQ138PG,7
TQ138PH,7
TQ138PJ,7
TQ138PL,7
TQ138PN,7
TQ138PP,7
TQ138PQ,7
TQ138PR,7
TQ138PS,7
TQ138PT,7
TQ138PU,7
TQ138PW,7
TQ138PX,7
TQ138PY,7
TQ138PZ,7
TQ138QA,7
TQ138QB,7
TQ138QD,7
TQ138QE,7
TQ138QF,7
TQ138QG,7
TQ138QH,7
TQ138QJ,5
TQ138QL,5
TQ138QQ,7
TQ138QT,7
TQ138QU,7
TQ138QX,5
TQ138QY,5
TQ138QZ,5
TQ138RA,5
TQ138RB,5
TQ138RD,5
TQ138RE,5
TQ138RF,5
TQ138RG,5
TQ138RH,5
TQ138RJ,5
TQ138RL,5
TQ138RN,7
TQ138RP,5
TQ138RQ,5
TQ138RR,5
TQ138RS,5
TQ138RT,5
TQ138RU,5
TQ138RW,5
TQ138SA,7
TQ138SB,7
TQ138SD,7
TQ138SE,7
TQ138SF,7
TQ138SG,7
TQ138SH,7
TQ138SJ,7
TQ138SL,7
TQ138SN,7
TQ138SP,7
TQ138SQ,7
TQ138SR,7
TQ138SS,7
TQ138ST,7
TQ138SU,7
TQ138SW,7
TQ138SX,7
TQ138SY,7
TQ138TA,7
TQ138TY,7
TQ138TZ,7
TQ138UA,7
TQ138UB,7
TQ138UT,7
TQ138WA,7
TQ138WB,7
TQ138WD,7
TQ138WE,7
TQ138WP,7
TQ138WQ,7
TQ138WR,7
TQ138WS,7
TQ138WT,7
TQ138WU,7
TQ138WW,7
TQ138WY,7
TQ138WZ,7
TQ138XJ,7
TQ138YA,7
TQ138YB,7
TQ138YD,7
TQ138YE,7
TQ138YF,7
TQ138YG,7
TQ138YH,7
TQ138YJ,7
TQ138YL,7
TQ138YN,7
TQ138YP,7
TQ138YQ,7
TQ138YR,7
TQ138YS,7
TQ138YT,7
TQ138YU,7
TQ138YW,7
TQ138YX,7
TQ138YZ,7
TQ138ZN,7
TQ139AA,7
TQ139AB,7
TQ139AD,7
TQ139AE,7
TQ139AF,10
TQ139AG,10
TQ139AH,7
TQ139AJ,7
TQ139AL,7
TQ139AN,7
TQ139AP,7
TQ139AQ,10
TQ139AR,7
TQ139AS,7
TQ139AT,7
TQ139AU,7
TQ139AW,7
TQ139AX,7
TQ139AY,6
TQ139AZ,7
TQ139BA,7
TQ139BB,7
TQ139BD,6
TQ139BE,6
TQ139BG,10
TQ139BH,7
TQ139BJ,7
TQ139BL,7
TQ139BN,6
TQ139BP,7
TQ139BQ,7
TQ139BS,10
TQ139BT,10
TQ139BU,10
TQ139BW,7
TQ139BX,6
TQ139BY,6
TQ139BZ,6
TQ139DA,6
TQ139DB,10
TQ139DD,6
TQ139DE,6
TQ139DF,6
TQ139DG,6
TQ139DH,6
TQ139DJ,6
TQ139DL,6
TQ139DN,6
TQ139DP,6
TQ139DQ,6
TQ139DR,6
TQ139DS,6
TQ139DT,6
TQ139DU,6
TQ139DW,6
TQ139DX,6
TQ139DY,10
TQ139DZ,10
TQ139EA,6
TQ139EB,6
TQ139ED,3
TQ139EE,7
TQ139EF,6
TQ139EG,7
TQ139EH,7
TQ139EJ,7
TQ139EL,7
TQ139EN,10
TQ139EP,10
TQ139EQ,7
TQ139ER,10
TQ139ES,10
TQ139ET,10
TQ139EU,10
TQ139EW,10
TQ139EX,10
TQ139EY,10
TQ139EZ,10
TQ139FA,6
TQ139FB,6
TQ139FD,6
TQ139FE,6
TQ139FF,7
TQ139FG,7
TQ139FH,6
TQ139FJ,6
TQ139FL,6
TQ139FN,6
TQ139FP,6
TQ139FR,6
TQ139FS,3
TQ139FT,6
TQ139FU,6
TQ139FW,6
TQ139FX,10
TQ139FY,6
TQ139FZ,6
TQ139GA,7
TQ139GB,6
TQ139GD,6
TQ139GE,6
TQ139GF,6
TQ139GG,6
TQ139GH,6
TQ139GJ,6
TQ139GL,7
TQ139GN,6
TQ139GP,7
TQ139GQ,6
TQ139GR,6
TQ139GS,10
TQ139GT,7
TQ139GU,10
TQ139GW,6
TQ139GX,6
TQ139GY,6
TQ139GZ,6
TQ139HA,10
TQ139HB,10
TQ139HD,10
TQ139HE,7
TQ139HF,7
TQ139HG,7
TQ139HH,7
TQ139HJ,7
TQ139HL,7
TQ139HN,7
TQ139HP,7
TQ139HQ,7
TQ139HR,7
TQ139HS,7
TQ139HT,7
TQ139HU,7
TQ139HW,7
TQ139HX,7
TQ139HY,7
TQ139HZ,7
TQ139JA,7
TQ139JB,10
TQ139JD,10
TQ139JE,7
TQ139JF,7
TQ139JG,6
TQ139JH,6
TQ139JJ,6
TQ139JL,6
TQ139JN,6
TQ139JP,7
TQ139JQ,7
TQ139JR,6
TQ139JS,7
TQ139JT,6
TQ139JU,6
TQ139JW,6
TQ139JX,6
TQ139JY,7
TQ139JZ,7
TQ139LA,7
TQ139LB,7
TQ139LD,7
TQ139LE,7
TQ139LF,7
TQ139LG,7
TQ139LH,7
TQ139LJ,7
TQ139LL,7
TQ139LN,7
TQ139LP,6
TQ139LQ,7
TQ139LR,10
TQ139LS,6
TQ139LT,4
TQ139LU,7
TQ139LW,4
TQ139LX,6
TQ139LY,7
TQ139LZ,7
TQ139NA,7
TQ139NB,7
TQ139ND,7
TQ139NE,7
TQ139NF,6
TQ139NG,7
TQ139NH,7
TQ139NJ,7
TQ139NL,7
TQ139NN,7
TQ139NP,7
TQ139NQ,7
TQ139NR,7
TQ139NS,6
TQ139NT,6
TQ139NU,6
TQ139NW,7
TQ139NX,7
TQ139NY,7
TQ139NZ,7
TQ139PA,6
TQ139PB,6
TQ139PD,6
TQ139PE,6
TQ139PF,6
TQ139PG,7
TQ139PH,10
TQ139PJ,6
TQ139PL,6
TQ139PN,6
TQ139PP,6
TQ139PQ,7
TQ139PR,7
TQ139PS,7
TQ139PT,6
TQ139PU,6
TQ139PW,6
TQ139PX,6
TQ139PY,6
TQ139PZ,6
TQ139QA,6
TQ139QB,6
TQ139QD,6
TQ139QE,6
TQ139QF,6
TQ139QG,6
TQ139QH,6
TQ139QJ,6
TQ139QL,6
TQ139QN,6
TQ139QP,10
TQ139QQ,6
TQ139QR,10
TQ139QS,7
TQ139QT,7
TQ139QU,10
TQ139QW,10
TQ139QX,10
TQ139QY,10
TQ139QZ,10
TQ139RA,6
TQ139RB,6
TQ139RD,6
TQ139RE,6
TQ139RF,6
TQ139RG,6
TQ139RH,6
TQ139RJ,6
TQ139RL,6
TQ139RN,6
TQ139RP,6
TQ139RQ,6
TQ139RR,6
TQ139RS,6
TQ139RT,6
TQ139RU,6
TQ139RW,6
TQ139RX,6
TQ139RY,6
TQ139RZ,4
TQ139SA,10
TQ139SB,10
TQ139SD,10
TQ139SE,7
TQ139SF,7
TQ139SG,7
TQ139SH,7
TQ139SJ,7
TQ139SL,7
TQ139SN,7
TQ139SP,7
TQ139SQ,7
TQ139SR,7
TQ139SS,7
TQ139ST,6
TQ139SU,10
TQ139SW,7
TQ139SX,10
TQ139SY,10
TQ139SZ,6
TQ139TA,7
TQ139TB,7
TQ139TD,7
TQ139TE,7
TQ139TF,7
TQ139TG,7
TQ139TH,7
TQ139TJ,7
TQ139TL,7
TQ139TN,7
TQ139TP,7
TQ139TQ,7
TQ139TR,7
TQ139TS,7
TQ139TT,7
TQ139TU,7
TQ139TW,7
TQ139TX,7
TQ139TY,6
TQ139TZ,6
TQ139UA,5
TQ139UB,5
TQ139UD,5
TQ139UE,5
TQ139UF,5
TQ139UG,5
TQ139UH,5
TQ139UJ,5
TQ139UL,5
TQ139UN,5
TQ139UP,5
TQ139UQ,5
TQ139UR,4
TQ139US,4
TQ139UT,7
TQ139UU,7
TQ139UW,5
TQ139UX,4
TQ139UY,7
TQ139UZ,5
TQ139WA,3
TQ139WB,3
TQ139WD,4
TQ139WE,4
TQ139WF,4
TQ139WG,4
TQ139WH,4
TQ139WJ,3
TQ139WL,7
TQ139WN,3
TQ139WP,3
TQ139WQ,4
TQ139WR,3
TQ139WS,4
TQ139WT,4
TQ139WU,3
TQ139WW,7
TQ139WX,7
TQ139WY,3
TQ139WZ,4
TQ139XA,5
TQ139XB,5
TQ139XD,5
TQ139XE,5
TQ139XF,5
TQ139XG,5
TQ139XH,5
TQ139XJ,7
TQ139XL,7
TQ139XN,5
TQ139XP,6
TQ139XQ,5
TQ139XR,6
TQ139XS,6
TQ139XT,6
TQ139XU,6
TQ139XW,6
TQ139XX,6
TQ139XY,6
TQ139XZ,7
TQ139YA,6
TQ139YB,3
TQ139YD,7
TQ139YE,6
TQ139YF,6
TQ139YG,6
TQ139YH,10
TQ139YJ,10
TQ139YL,10
TQ139YN,6
TQ139YP,10
TQ139YQ,6
TQ139YR,10
TQ139YS,3
TQ139YT,4
TQ139YU,3
TQ139YW,10
TQ139YX,7
TQ139YY,4
TQ139YZ,7
TQ139ZD,7
TQ139ZE,4
TQ139ZF,7
TQ139ZG,3
TQ139ZH,7
TQ139ZJ,3
TQ139ZL,3
TQ139ZN,4
TQ139ZP,7
TQ139ZQ,7
TQ139ZR,7
TQ139ZT,4
TQ139ZW,7
TQ139ZX,7
TQ139ZY,7
TQ140AA,8
TQ140AB,8
TQ140AD,8
TQ140AE,8
TQ140AF,8
TQ140AG,8
TQ140AH,8
TQ140AJ,8
TQ140AL,8
TQ140AN,8
TQ140AP,8
TQ140AQ,8
TQ140AR,8
TQ140AS,8
TQ140AT,8
TQ140AU,8
TQ140AW,8
TQ140AX,8
TQ140AY,8
TQ140AZ,8
TQ140BA,8
TQ140BB,8
TQ140BD,8
TQ140BE,8
TQ140BG,8
TQ140BH,8
TQ140BJ,8
TQ140BL,8
TQ140BN,8
TQ140BP,8
TQ140BQ,8
TQ140BS,8
TQ140BT,8
TQ140BU,8
TQ140BW,8
TQ140DA,8
TQ140DB,8
TQ140DD,8
TQ140DE,8
TQ140DF,8
TQ140DG,8
TQ140DH,8
TQ140DJ,8
TQ140DL,8
TQ140DN,8
TQ140DP,8
TQ140DQ,8
TQ140DR,8
TQ140DS,8
TQ140DT,8
TQ140DU,8
TQ140DW,8
TQ140DX,8
TQ140DY,8
TQ140DZ,8
TQ140EA,8
TQ140EB,8
TQ140ED,8
TQ140EE,8
TQ140EF,8
TQ140EG,8
TQ140EH,8
TQ140EJ,8
TQ140EL,8
TQ140EP,8
TQ140EQ,8
TQ140ER,8
TQ140ES,8
TQ140ET,8
TQ140EU,8
TQ140EX,8
TQ140EY,8
TQ140EZ,8
TQ140GA,8
TQ140HA,8
TQ140HB,8
TQ140HD,8
TQ140HE,8
TQ140HF,8
TQ140HG,8
TQ140HH,8
TQ140HJ,8
TQ140HL,8
TQ140HN,8
TQ140HP,8
TQ140HQ,8
TQ140HR,8
TQ140HS,8
TQ140HT,8
TQ140HW,8
TQ140PA,8
TQ140WA,8
TQ140WZ,2
TQ140YA,2
TQ140YB,2
TQ140YD,8
TQ140YE,8
TQ140YY,8
TQ140YZ,8
TQ140ZN,2
TQ140ZQ,2
TQ140ZS,2
TQ140ZX,2
TQ144AA,
TQ144AB,
TQ144AD,2
TQ144AE,2
TQ144AF,2
TQ144AG,
TQ144AH,
TQ144AJ,2
TQ144AL,
TQ144AN,
TQ144AP,2
TQ144AQ,
TQ144AR,2
TQ144AS,2
TQ144AU,2
TQ144AW,2
TQ144AX,2
TQ144AY,2
TQ144AZ,2
TQ144BA,2
TQ144BB,2
TQ144BD,2
TQ144BE,2
TQ144BF,2
TQ144BG,2
TQ144BH,2
TQ144BJ,2
TQ144BL,2
TQ144BN,2
TQ144BP,2
TQ144BQ,2
TQ144BS,2
TQ148AA,2
TQ148AB,2
TQ148AD,2
TQ148AE,2
TQ148AF,2
TQ148AG,2
TQ148AH,2
TQ148AJ,2
TQ148AL,2
TQ148AN,2
TQ148AP,2
TQ148AQ,2
TQ148AR,2
TQ148AS,2
TQ148AT,2
TQ148AU,2
TQ148AW,2
TQ148AX,2
TQ148AY,2
TQ148AZ,3
TQ148BA,2
TQ148BB,2
TQ148BD,2
TQ148BE,2
TQ148BG,2
TQ148BH,2
TQ148BJ,2
TQ148BL,2
TQ148BN,2
TQ148BP,2
TQ148BQ,2
TQ148BR,2
TQ148BS,2
TQ148BT,2
TQ148BU,2
TQ148BW,2
TQ148BX,2
TQ148BY,2
TQ148BZ,2
TQ148DA,2
TQ148DB,2
TQ148DD,2
TQ148DE,2
TQ148DF,2
TQ148DG,3
TQ148DH,2
TQ148DJ,2
TQ148DL,2
TQ148DN,2
TQ148DP,2
TQ148DQ,2
TQ148DR,2
TQ148DS,2
TQ148DT,2
TQ148DU,3
TQ148DW,2
TQ148DX,2
TQ148DY,3
TQ148DZ,2
TQ148EA,2
TQ148EB,2
TQ148ED,2
TQ148EE,2
TQ148EF,2
TQ148EG,2
TQ148EH,2
TQ148EJ,2
TQ148EL,2
TQ148EN,2
TQ148EP,2
TQ148EQ,2
TQ148ER,2
TQ148ES,2
TQ148ET,2
TQ148EU,2
TQ148EW,2
TQ148EX,2
TQ148EY,2
TQ148EZ,3
TQ148FA,7
TQ148FB,7
TQ148FD,7
TQ148FE,7
TQ148FF,7
TQ148FG,2
TQ148FH,3
TQ148FJ,2
TQ148FL,2
TQ148FN,2
TQ148FP,2
TQ148FQ,2
TQ148FR,7
TQ148FS,3
TQ148FT,7
TQ148FU,2
TQ148FW,3
TQ148GA,2
TQ148GB,2
TQ148GD,7
TQ148GE,7
TQ148GF,7
TQ148GG,7
TQ148GH,2
TQ148GJ,2
TQ148GL,7
TQ148HA,4
TQ148HB,4
TQ148HD,4
TQ148HE,2
TQ148HH,2
TQ148HJ,2
TQ148HL,2
TQ148HN,2
TQ148HP,2
TQ148HR,2
TQ148HT,2
TQ148HU,2
TQ148HW,2
TQ148HX,7
TQ148HY,2
TQ148HZ,2
TQ148JA,3
TQ148JB,3
TQ148JD,3
TQ148JE,3
TQ148JF,3
TQ148JG,3
TQ148JH,3
TQ148JJ,3
TQ148JL,3
TQ148JN,3
TQ148JP,3
TQ148JQ,3
TQ148JR,3
TQ148JS,3
TQ148JT,9
TQ148JU,9
TQ148JW,3
TQ148JX,7
TQ148JZ,7
TQ148LA,7
TQ148LB,7
TQ148LD,9
TQ148LE,9
TQ148LF,7
TQ148LG,3
TQ148LH,3
TQ148LJ,3
TQ148LL,3
TQ148LN,3
TQ148LP,2
TQ148LQ,7
TQ148LR,3
TQ148LS,7
TQ148LT,9
TQ148LU,9
TQ148LW,7
TQ148LX,9
TQ148LY,9
TQ148LZ,9
TQ148NA,9
TQ148NB,9
TQ148ND,9
TQ148NE,9
TQ148NF,9
TQ148NG,7
TQ148NH,9
TQ148NJ,7
TQ148NL,7
TQ148NN,7
TQ148NP,7
TQ148NQ,9
TQ148NR,7
TQ148NS,2
TQ148NT,7
TQ148NU,7
TQ148NW,7
TQ148NX,9
TQ148NY,7
TQ148NZ,9
TQ148PA,9
TQ148PB,9
TQ148PD,9
TQ148PE,2
TQ148PF,2
TQ148PG,3
TQ148PH,2
TQ148PJ,7
TQ148PL,7
TQ148PN,7
TQ148PP,7
TQ148PQ,2
TQ148PR,7
TQ148PS,7
TQ148PT,7
TQ148PU,7
TQ148PW,7
TQ148PX,7
TQ148PY,7
TQ148PZ,7
TQ148QA,7
TQ148QB,7
TQ148QD,7
TQ148QE,7
TQ148QF,7
TQ148QG,7
TQ148QH,7
TQ148QJ,3
TQ148QL,7
TQ148QN,9
TQ148QP,9
TQ148QQ,7
TQ148QR,9
TQ148QS,9
TQ148QT,9
TQ148QU,9
TQ148QW,9
TQ148QX,9
TQ148QY,9
TQ148QZ,9
TQ148RA,9
TQ148RB,7
TQ148RD,7
TQ148RE,7
TQ148RF,7
TQ148RG,7
TQ148RH,7
TQ148RJ,7
TQ148RL,7
TQ148RN,7
TQ148RP,7
TQ148RQ,7
TQ148RR,7
TQ148RS,7
TQ148RT,7
TQ148RU,9
TQ148RW,7
TQ148RX,9
TQ148RY,9
TQ148RZ,7
TQ148SA,9
TQ148SB,9
TQ148SD,9
TQ148SE,9
TQ148SF,9
TQ148SG,9
TQ148SH,2
TQ148SJ,2
TQ148SL,2
TQ148SN,2
TQ148SP,2
TQ148SQ,9
TQ148SR,2
TQ148SS,7
TQ148ST,2
TQ148SU,2
TQ148SW,2
TQ148SX,2
TQ148SY,2
TQ148SZ,2
TQ148TA,2
TQ148TB,2
TQ148TD,2
TQ148TE,2
TQ148TF,9
TQ148TG,7
TQ148TH,7
TQ148TJ,7
TQ148TL,7
TQ148TN,7
TQ148TP,7
TQ148TQ,7
TQ148TR,7
TQ148TS,7
TQ148TT,7
TQ148TU,7
TQ148TW,7
TQ148TX,7
TQ148TY,7
TQ148TZ,9
TQ148UA,9
TQ148UB,9
TQ148UD,9
TQ148UE,7
TQ148UF,7
TQ148UG,7
TQ148UH,7
TQ148UJ,7
TQ148UL,7
TQ148UN,7
TQ148UP,7
TQ148UQ,7
TQ148UR,7
TQ148US,7
TQ148UT,7
TQ148UU,7
TQ148UW,7
TQ148UX,9
TQ148UY,2
TQ148UZ,7
TQ148WA,7
TQ148WB,2
TQ148WD,7
TQ148WE,7
TQ148WF,2
TQ148WG,2
TQ148WH,7
TQ148WJ,7
TQ148WL,7
TQ148WN,2
TQ148WP,2
TQ148WQ,2
TQ148WR,2
TQ148WS,2
TQ148WT,2
TQ148WU,2
TQ148WW,2
TQ148WX,2
TQ148WY,2
TQ148WZ,2
TQ148XA,7
TQ148XB,2
TQ148XD,2
TQ148XE,2
TQ148XG,2
TQ148XH,2
TQ148XJ,2
TQ148XL,2
TQ148XN,2
TQ148XP,2
TQ148XQ,7
TQ148XR,2
TQ148XS,2
TQ148XT,8
TQ148XU,2
TQ148XW,2
TQ148XX,8
TQ148XY,8
TQ148XZ,2
TQ148YA,2
TQ148YB,2
TQ148YD,2
TQ148YE,7
TQ148YF,2
TQ148YG,8
TQ148YH,2
TQ148YJ,7
TQ148YL,7
TQ148YN,2
TQ148YP,7
TQ148YQ,8
TQ148YR,7
TQ148YS,7
TQ148YT,7
TQ148YU,7
TQ148YW,2
TQ148YX,2
TQ148YY,8
TQ148YZ,8
TQ148ZB,2
TQ148ZD,2
TQ148ZJ,2
TQ148ZL,2
TQ148ZN,2
TQ148ZQ,2
TQ148ZR,2
TQ148ZS,2
TQ148ZT,2
TQ148ZU,2
TQ148ZW,2
TQ148ZZ,2
TQ149AA,3
TQ149AB,3
TQ149AD,3
TQ149AE,3
TQ149AF,3
TQ149AG,3
TQ149AH,3
TQ149AJ,3
TQ149AL,3
TQ149AN,8
TQ149AP,3
TQ149AQ,3
TQ149AR,3
TQ149AS,3
TQ149AT,3
TQ149AU,3
TQ149AW,8
TQ149AX,3
TQ149AY,3
TQ149AZ,3
TQ149BA,3
TQ149BB,3
TQ149BD,3
TQ149BE,3
TQ149BG,3
TQ149BH,3
TQ149BJ,3
TQ149BL,3
TQ149BN,8
TQ149BP,2
TQ149BQ,3
TQ149BR,4
TQ149BS,3
TQ149BT,3
TQ149BU,3
TQ149BW,4
TQ149BX,3
TQ149BY,3
TQ149BZ,4
TQ149DA,4
TQ149DB,4
TQ149DD,4
TQ149DE,4
TQ149DF,4
TQ149DG,4
TQ149DH,4
TQ149DJ,4
TQ149DL,4
TQ149DN,4
TQ149DP,4
TQ149DQ,4
TQ149DR,3
TQ149DS,3
TQ149DT,3
TQ149DU,3
TQ149DW,4
TQ149DX,3
TQ149DY,3
TQ149DZ,3
TQ149EA,4
TQ149EB,3
TQ149ED,3
TQ149EE,4
TQ149EF,3
TQ149EG,3
TQ149EH,4
TQ149EJ,4
TQ149EL,4
TQ149EN,4
TQ149EP,4
TQ149EQ,4
TQ149ER,4
TQ149ES,8
TQ149ET,8
TQ149EU,4
TQ149EW,9
TQ149EX,8
TQ149EY,8
TQ149EZ,8
TQ149FA,3
TQ149FB,9
TQ149FD,8
TQ149FE,9
TQ149FF,3
TQ149FG,9
TQ149FH,8
TQ149FN,9
TQ149FX,8
TQ149GW,9
TQ149GX,3
TQ149GY,9
TQ149GZ,9
TQ149HA,8
TQ149HB,9
TQ149HD,9
TQ149HE,9
TQ149HF,9
TQ149HG,9
TQ149HH,9
TQ149HJ,8
TQ149HL,9
TQ149HN,3
TQ149HP,3
TQ149HQ,9
TQ149HR,3
TQ149HS,3
TQ149HT,3
TQ149HU,3
TQ149HW,3
TQ149HX,3
TQ149HY,3
TQ149HZ,9
TQ149JA,9
TQ149JB,9
TQ149JD,9
TQ149JE,9
TQ149JF,9
TQ149JG,9
TQ149JH,9
TQ149JJ,9
TQ149JL,3
TQ149JN,9
TQ149JP,9
TQ149JQ,9
TQ149JR,3
TQ149JS,3
TQ149JT,3
TQ149JU,3
TQ149JW,3
TQ149JX,3
TQ149JY,3
TQ149JZ,3
TQ149LA,3
TQ149LB,3
TQ149LD,3
TQ149LE,9
TQ149LF,3
TQ149LG,9
TQ149LH,9
TQ149LJ,9
TQ149LL,8
TQ149LN,8
TQ149LP,8
TQ149LQ,9
TQ149LR,8
TQ149LS,9
TQ149LT,9
TQ149LU,9
TQ149LW,8
TQ149LX,9
TQ149LY,9
TQ149LZ,9
TQ149NA,9
TQ149NB,9
TQ149ND,9
TQ149NE,9
TQ149NF,9
TQ149NG,9
TQ149NH,8
TQ149NJ,9
TQ149NL,8
TQ149NN,9
TQ149NP,7
TQ149NQ,9
TQ149NR,7
TQ149NS,7
TQ149NT,7
TQ149NU,9
TQ149NW,8
TQ149NX,9
TQ149NY,8
TQ149NZ,9
TQ149PA,9
TQ149PB,9
TQ149PD,9
TQ149PH,3
TQ149PJ,8
TQ149PL,8
TQ149PN,8
TQ149PP,8
TQ149PQ,8
TQ149PR,8
TQ149PS,8
TQ149PT,8
TQ149PU,8
TQ149PW,8
TQ149PX,8
TQ149PY,8
TQ149PZ,8
TQ149QA,8
TQ149QB,8
TQ149QD,8
TQ149QE,8
TQ149QH,8
TQ149QJ,8
TQ149QL,8
TQ149QN,8
TQ149QP,8
TQ149QQ,4
TQ149QR,8
TQ149QS,8
TQ149QT,8
TQ149QU,8
TQ149QW,8
TQ149QX,8
TQ149QY,8
TQ149QZ,8
TQ149RA,8
TQ149RB,8
TQ149RD,8
TQ149RE,8
TQ149RF,8
TQ149RG,8
TQ149RH,8
TQ149RJ,8
TQ149RL,8
TQ149RN,8
TQ149RP,8
TQ149RQ,8
TQ149RR,8
TQ149RS,8
TQ149RT,8
TQ149RU,8
TQ149RW,8
TQ149RX,8
TQ149RY,8
TQ149RZ,8
TQ149SA,8
TQ149SB,8
TQ149SD,8
TQ149SE,8
TQ149SF,8
TQ149SG,8
TQ149SH,8
TQ149SJ,8
TQ149SL,8
TQ149SN,8
TQ149SP,8
TQ149SQ,8
TQ149SR,8
TQ149SS,8
TQ149ST,8
TQ149SU,8
TQ149SW,8
TQ149SX,8
TQ149SY,8
TQ149SZ,8
TQ149TA,8
TQ149TB,8
TQ149TD,8
TQ149TE,8
TQ149TF,8
TQ149TG,8
TQ149TH,8
TQ149TJ,8
TQ149TL,8
TQ149TN,8
TQ149TP,8
TQ149TQ,8
TQ149TR,8
TQ149TS,8
TQ149TT,8
TQ149TU,8
TQ149TW,8
TQ149TX,8
TQ149TY,8
TQ149TZ,8
TQ149UA,8
TQ149UB,8
TQ149UD,8
TQ149UE,9
TQ149UF,8
TQ149UG,8
TQ149UH,8
TQ149UJ,8
TQ149UL,8
TQ149UN,8
TQ149UP,8
TQ149UQ,8
TQ149UR,8
TQ149UT,8
TQ149UU,8
TQ149UW,8
TQ149UX,8
TQ149UY,8
TQ149UZ,8
TQ149WA,2
TQ149WJ,8
TQ149WP,3
TQ149WQ,2
TQ149WR,2
TQ149WS,2
TQ149WT,2
TQ149WU,2
TQ149WW,2
TQ149WX,2
TQ149WY,2
TQ149WZ,2
TQ149XA,8
TQ149XB,2
TQ149XD,8
TQ149XE,8
TQ149XF,2
TQ149XN,2
TQ149XW,2
TQ149XX,2
TQ149XY,2
TQ149XZ,2
TQ149YA,3
TQ149YB,3
TQ149YD,2
TQ149YE,2
TQ149YF,2
TQ149YG,8
TQ149YH,3
TQ149YJ,2
TQ149YL,2
TQ149YN,2
TQ149YP,2
TQ149YQ,2
TQ149YR,3
TQ149YS,2
TQ149YT,3
TQ149YU,3
TQ149YW,3
TQ149YX,2
TQ149YY,3
TQ149YZ,3
TQ149ZJ,2
TQ149ZN,2
TQ149ZQ,2
TQ149ZR,2
TQ149ZW,2
TQ149ZX,2
TQ2 5AA,1
TQ2 5AB,1
TQ2 5AD,1
TQ2 5AE,1
TQ2 5AF,1
TQ2 5AG,1
TQ2 5AH,1
TQ2 5AJ,1
TQ2 5AL,1
TQ2 5AN,1
TQ2 5AP,1
TQ2 5AQ,1
TQ2 5AR,1
TQ2 5AS,1
TQ2 5AT,1
TQ2 5AU,1
TQ2 5AW,1
TQ2 5AX,1
TQ2 5AY,1
TQ2 5AZ,1
TQ2 5BA,1
TQ2 5BB,1
TQ2 5BD,1
TQ2 5BE,1
TQ2 5BG,1
TQ2 5BH,1
TQ2 5BJ,1
TQ2 5BL,1
TQ2 5BN,1
TQ2 5BP,1
TQ2 5BQ,1
TQ2 5BS,1
TQ2 5BT,1
TQ2 5BU,1
TQ2 5BW,1
TQ2 5BX,1
TQ2 5BY,1
TQ2 5BZ,1
TQ2 5DA,1
TQ2 5DB,4
TQ2 5DD,3
TQ2 5DE,4
TQ2 5DF,1
TQ2 5DG,1
TQ2 5DH,1
TQ2 5DJ,1
TQ2 5DL,1
TQ2 5DN,1
TQ2 5DP,1
TQ2 5DQ,1
TQ2 5DR,1
TQ2 5DS,1
TQ2 5DT,1
TQ2 5DU,1
TQ2 5DW,1
TQ2 5DX,1
TQ2 5DY,1
TQ2 5DZ,1
TQ2 5EA,1
TQ2 5EB,1
TQ2 5ED,1
TQ2 5EE,1
TQ2 5EF,1
TQ2 5EG,1
TQ2 5EH,1
TQ2 5EJ,1
TQ2 5EL,1
TQ2 5EN,1
TQ2 5EP,1
TQ2 5EQ,1
TQ2 5ER,1
TQ2 5ES,1
TQ2 5ET,1
TQ2 5EU,4
TQ2 5EW,1
TQ2 5EX,1
TQ2 5EY,1
TQ2 5EZ,1
TQ2 5FB,1
TQ2 5HA,1
TQ2 5HB,1
TQ2 5HD,1
TQ2 5HE,1
TQ2 5HF,1
TQ2 5HG,1
TQ2 5HH,1
TQ2 5HJ,1
TQ2 5HL,1
TQ2 5HN,1
TQ2 5HP,1
TQ2 5HQ,1
TQ2 5HR,1
TQ2 5HS,1
TQ2 5HT,1
TQ2 5HU,1
TQ2 5HW,1
TQ2 5HX,1
TQ2 5HY,1
TQ2 5HZ,1
TQ2 5JA,1
TQ2 5JB,1
TQ2 5JD,1
TQ2 5JE,1
TQ2 5JF,1
TQ2 5JG,1
TQ2 5JH,1
TQ2 5JJ,1
TQ2 5JL,1
TQ2 5JN,1
TQ2 5JP,1
TQ2 5JR,1
TQ2 5JS,1
TQ2 5JU,1
TQ2 5JW,1
TQ2 5JX,1
TQ2 5JY,3
TQ2 5JZ,3
TQ2 5LA,1
TQ2 5LB,1
TQ2 5LD,1
TQ2 5LF,3
TQ2 5LG,1
TQ2 5LH,1
TQ2 5LJ,1
TQ2 5LL,1
TQ2 5LN,3
TQ2 5LP,3
TQ2 5LQ,3
TQ2 5LR,3
TQ2 5LS,2
TQ2 5LT,2
TQ2 5LU,1
TQ2 5LW,3
TQ2 5LZ,1
TQ2 5NA,1
TQ2 5NB,1
TQ2 5ND,1
TQ2 8LT,6
TQ2 8LU,6
TQ2 8LW,6
TQ2 8LX,6
TQ2 8LY,6
TQ2 8LZ,6
TQ2 8NA,2
TQ2 8NB,2
TQ2 8ND,2
TQ2 8NE,2
TQ2 8NF,4
TQ2 8NG,4
TQ2 8NH,4
TQ2 8NJ,1
TQ2 8NL,1
TQ2 8NN,4
TQ2 8NP,6
TQ2 8NR,4
TQ2 8NS,6
TQ2 8NT,6
TQ2 8NU,4
TQ2 8NW,4
TQ2 8NX,1
TQ2 8NY,4
TQ2 8NZ,4
TQ2 8PA,6
TQ2 8PB,6
TQ2 8PD,6
TQ2 8PE,6
TQ2 8PH,4
TQ2 8PJ,4
TQ2 8PL,4
TQ2 8PN,4
TQ2 8PP,1
TQ2 8PR,4
TQ2 8PS,4
TQ2 8PU,4
TQ2 8PW,2
TQ2 8PX,6
TQ2 8PY,6
TQ2 8PZ,6
TQ2 8QA,6
TQ2 8QE,6
TQ2 8QF,6
TQ2 8QH,6
TQ2 8QJ,6
TQ2 8QL,6
TQ2 8QN,6
TQ2 8QP,6
TQ2 8QQ,6
TQ2 8QR,6
TQ2 8QS,4
TQ2 8QT,4
TQ2 8QU,4
TQ2 8QW,6
TQ2 8QX,4
TQ2 8QY,4
TQ2 8QZ,4
TQ2 8RA,4
TQ2 8RD,4
TQ2 8RE,6
TQ2 8SA,1
TQ2 8SB,4
TQ2 8SD,1
TQ2 8SE,4
TQ2 8SH,4
TQ2 8SR,6
TQ2 8SZ,2
TQ2 8WA,6
TQ2 8WB,1
TQ2 8WD,1
TQ2 8WE,6
TQ2 8WU,6
TQ2 8WW,6
TQ2 8WX,6
TQ2 8WY,6
TQ2 8WZ,6
TQ2 8XB,1
TQ2 8XN,6
TQ2 8XQ,6
TQ2 8XT,1
TQ2 8XZ,6
TQ2 8YA,2
TQ2 8YB,2
TQ2 8YD,1
TQ2 8YE,2
TQ2 8YF,6
TQ2 8YG,2
TQ2 8YH,6
TQ2 8YJ,1
TQ2 8YL,1
TQ2 8YN,1
TQ2 8YP,1
TQ2 8YQ,1
TQ2 8YR,1
TQ2 8YS,1
TQ2 8YT,6
TQ2 8YU,2
TQ2 8YW,2
TQ2 8YX,1
TQ2 8YY,6
TQ2 8YZ,1
TQ2 8ZN,6
TQ2 8ZQ,1
TQ2 8ZX,6
TQ3 1AA,7
TQ3 1AB,7
TQ3 1AD,7
TQ3 1AE,7
TQ3 1AF,7
TQ3 1AG,7
TQ3 1AH,7
TQ3 1AJ,7
TQ3 1AL,7
TQ3 1AN,7
TQ3 1AP,7
TQ3 1AQ,7
TQ3 1AR,7
TQ3 1AS,7
TQ3 1AT,7
TQ3 1AU,7
TQ3 1AW,7
TQ3 1AX,7
TQ3 1AY,7
TQ3 1AZ,7
TQ3 1BA,8
TQ3 1BB,8
TQ3 1BD,8
TQ3 1BE,8
TQ3 1BG,1
TQ3 1BH,8
TQ3 1BJ,7
TQ3 1BL,8
TQ3 1BN,7
TQ3 1BP,7
TQ3 1BQ,8
TQ3 1BR,8
TQ3 1BS,8
TQ3 1BT,8
TQ3 1BU,8
TQ3 1BW,8
TQ3 1BX,8
TQ3 1BY,8
TQ3 1BZ,8
TQ3 1DA,7
TQ3 1DB,7
TQ3 1DD,1
TQ3 1DH,8
TQ3 1DJ,8
TQ3 1DL,8
TQ3 1DN,8
TQ3 1DP,8
TQ3 1DR,8
TQ3 1DS,5
TQ3 1DT,5
TQ3 1DU,5
TQ3 1DW,8
TQ3 1DX,5
TQ3 1DY,5
TQ3 1DZ,5
TQ3 1EA,5
TQ3 1EB,5
TQ3 1ED,5
TQ3 1EE,5
TQ3 1EF,3
TQ3 1EL,8
TQ3 1EN,8
TQ3 1EP,8
TQ3 1ER,8
TQ3 1ES,8
TQ3 1ET,8
TQ3 1EU,8
TQ3 1EW,8
TQ3 1EX,8
TQ3 1EY,5
TQ3 1EZ,8
TQ3 1HA,5
TQ3 1HB,5
TQ3 1HD,5
TQ3 1HE,8
TQ3 1HF,8
TQ3 1HG,5
TQ3 1HH,8
TQ3 1HJ,8
TQ3 1HL,8
TQ3 1HN,8
TQ3 1HP,8
TQ3 1HR,8
TQ3 1HS,8
TQ3 1HT,8
TQ3 1HU,5
TQ3 1HW,8
TQ3 1HX,8
TQ3 1HY,5
TQ3 1HZ,5
TQ3 1JA,5
TQ3 1JB,5
TQ3 1JD,5
TQ3 1JE,5
TQ3 1JF,5
TQ3 1JG,5
TQ3 1JH,5
TQ3 1JJ,5
TQ3 1JL,5
TQ3 1JN,5
TQ3 1JP,3
TQ3 1JQ,5
TQ3 1JR,1
TQ3 1JW,5
TQ3 1JX,7
TQ3 1JY,7
TQ3 1JZ,7
TQ3 1LA,8
TQ3 1LB,8
TQ3 1LD,7
TQ3 1LE,7
TQ3 1LF,7
TQ3 1LG,7
TQ3 1LH,8
TQ3 1LJ,5
TQ3 1LL,5
TQ3 1LN,5
TQ3 1LP,8
TQ3 1LQ,7
TQ3 1LR,5
TQ3 1LS,8
TQ3 1LT,8
TQ3 1LU,8
TQ3 1LW,5
TQ3 1LY,8
TQ3 1LZ,8
TQ3 1NA,8
TQ3 1NB,8
TQ3 1ND,8
TQ3 1NE,8
TQ3 1NF,8
TQ3 1NG,8
TQ3 1NH,8
TQ3 1NJ,8
TQ3 1NL,8
TQ3 1NN,8
TQ3 1NP,8
TQ3 1NQ,8
TQ3 1NR,8
TQ3 1NS,8
TQ3 1NT,8
TQ3 1NU,8
TQ3 1NW,8
TQ3 1NX,8
TQ3 1NY,8
TQ3 1NZ,8
TQ3 1PA,8
TQ3 1PB,8
TQ3 1PD,8
TQ3 1PE,8
TQ3 1PF,8
TQ3 1PG,8
TQ3 1PH,8
TQ3 1PJ,8
TQ3 1PL,8
TQ3 1PN,8
TQ3 1PQ,8
TQ3 1PS,7
TQ3 1PT,8
TQ3 1PU,8
TQ3 1PX,5
TQ3 1PY,8
TQ3 1PZ,8
TQ3 1QA,7
TQ3 1QB,7
TQ3 1QD,7
TQ3 1QE,7
TQ3 1QF,8
TQ3 1QG,8
TQ3 1QH,7
TQ3 1QJ,8
TQ3 1QL,8
TQ3 1QQ,7
TQ3 1QR,7
TQ3 1QS,8
TQ3 1QT,8
TQ3 1QU,5
TQ3 1QX,8
TQ3 1QY,5
TQ3 1QZ,5
TQ3 1RB,8
TQ3 1RD,8
TQ3 1RE,8
TQ3 1RF,7
TQ3 1RG,7
TQ3 1RH,7
TQ3 1RJ,7
TQ3 1RN,7
TQ3 1RP,8
TQ3 1RQ,7
TQ3 1RR,8
TQ3 1RS,8
TQ3 1RT,8
TQ3 1RU,8
TQ3 1RW,6
TQ3 1RX,7
TQ3 1RY,7
TQ3 1RZ,1
TQ3 1SA,8
TQ3 1SB,8
TQ3 1SD,8
TQ3 1SE,8
TQ3 1SF,8
TQ3 1SG,8
TQ3 1SH,8
TQ3 1SJ,8
TQ3 1SL,8
TQ3 1SN,8
TQ3 1SP,8
TQ3 1SQ,8
TQ3 1SR,8
TQ3 1ST,8
TQ3 1SU,6
TQ3 1SW,8
TQ3 1SX,6
TQ3 1SY,8
TQ3 1SZ,8
TQ3 1TA,8
TQ3 1TB,8
TQ3 1TD,8
TQ3 1TH,8
TQ3 1TJ,8
TQ3 1TL,7
TQ3 1TP,7
TQ3 1WA,1
TQ3 1WB,7
TQ3 1WD,1
TQ3 1WE,1
TQ3 1WR,1
TQ3 1WS,1
TQ3 1WT,1
TQ3 1WU,1
TQ3 1WW,1
TQ3 1WX,1
TQ3 1WY,1
TQ3 1WZ,1
TQ3 1XA,7
TQ3 1XB,7
TQ3 1XD,1
TQ3 1XG,7
TQ3 1XJ,1
TQ3 1XN,1
TQ3 1XY,1
TQ3 1XZ,6
TQ3 1YA,6
TQ3 1YB,7
TQ3 1YD,1
TQ3 1YE,1
TQ3 1YF,1
TQ3 1YG,7
TQ3 1YH,1
TQ3 1YJ,1
TQ3 1YL,1
TQ3 1YN,6
TQ3 1YP,6
TQ3 1YQ,7
TQ3 1YS,6
TQ3 1YT,6
TQ3 1YU,7
TQ3 1YW,7
TQ3 1YX,7
TQ3 1YY,1
TQ3 1YZ,1
TQ3 1ZA,1
TQ3 1ZB,7
TQ3 1ZD,1
TQ3 1ZE,6
TQ3 1ZF,1
TQ3 1ZQ,1
TQ3 1ZR,1
TQ3 1ZT,1
TQ3 1ZU,1
TQ3 1ZW,1
TQ3 1ZX,1
TQ3 2AA,1
TQ3 2AB,1
TQ3 2AD,1
TQ3 2AE,1
TQ3 2AF,1
TQ3 2AG,8
TQ3 2AH,2
TQ3 2AJ,2
TQ3 2AL,2
TQ3 2AN,2
TQ3 2AP,2
TQ3 2AQ,2
TQ3 2AR,2
TQ3 2AS,2
TQ3 2AT,2
TQ3 2AU,1
TQ3 2AW,2
TQ3 2AX,1
TQ3 2AY,1
TQ3 2AZ,2
TQ3 2BA,1
TQ3 2BB,1
TQ3 2BD,1
TQ3 2BE,1
TQ3 2BG,1
TQ3 2BH,1
TQ3 2BJ,1
TQ3 2BL,1
TQ3 2BN,2
TQ3 2BP,2
TQ3 2BQ,1
TQ3 2BS,2
TQ3 2BT,5
TQ3 2BU,3
TQ3 2BW,3
TQ3 2BX,3
TQ3 2BY,3
TQ3 2BZ,3
TQ3 2DA,5
TQ3 2DB,3
TQ3 2DD,5
TQ3 2DE,5
TQ3 2DF,2
TQ3 2DG,5
TQ3 2DH,3
TQ3 2DJ,5
TQ3 2DL,5
TQ3 2DN,5
TQ3 2DP,5
TQ3 2DQ,3
TQ3 2DR,5
TQ3 2DS,5
TQ3 2DT,5
TQ3 2DU,5
TQ3 2DW,5
TQ3 2DX,5
TQ3 2DY,5
TQ3 2DZ,5
TQ3 2EA,3
TQ3 2EB,5
TQ3 2ED,3
TQ3 2EE,5
TQ3 2EF,5
TQ3 2EG,3
TQ3 2EH,5
TQ3 2EJ,3
TQ3 2EL,3
TQ3 2EN,3
TQ3 2EP,3
TQ3 2ER,3
TQ3 2ES,3
TQ3 2ET,3
TQ3 2EU,3
TQ3 2EW,3
TQ3 2EX,3
TQ3 2EY,3
TQ3 2EZ,3
TQ3 2HA,3
TQ3 2HB,3
TQ3 2HD,3
TQ3 2HE,3
TQ3 2HF,2
TQ3 2HG,3
TQ3 2HH,3
TQ3 2HJ,2
TQ3 2HL,3
TQ3 2HN,3
TQ3 2HP,3
TQ3 2HQ,3
TQ3 2HR,2
TQ3 2HS,2
TQ3 2HT,2
TQ3 2HU,1
TQ3 2HW,2
TQ3 2HX,2
TQ3 2HY,2
TQ3 2HZ,2
TQ3 2JB,2
TQ3 2JD,2
TQ3 2JE,2
TQ3 2JG,7
TQ3 2JH,7
TQ3 2JJ,7
TQ3 2JL,5
TQ3 2JN,5
TQ3 2JP,5
TQ3 2JR,5
TQ3 2JS,5
TQ3 2JT,5
TQ3 2JU,5
TQ3 2JW,5
TQ3 2JX,5
TQ3 2JY,3
TQ3 2JZ,3
TQ3 2LA,3
TQ3 2LB,5
TQ3 2LD,3
TQ3 2LE,5
TQ3 2LH,5
TQ3 2LJ,7
TQ3 2LL,7
TQ3 2LN,7
TQ3 2LP,8
TQ3 2LR,8
TQ3 2LS,8
TQ3 2LT,8
TQ3 2LU,3
TQ3 2LX,3
TQ3 2LY,3
TQ3 2LZ,3
TQ3 2NA,3
TQ3 2NB,7
TQ3 2ND,3
TQ3 2NE,3
TQ3 2NH,2
TQ3 2NJ,2
TQ3 2NL,2
TQ3 2NN,2
TQ3 2NP,2
TQ3 2NQ,3
TQ3 2NR,2
TQ3 2NS,3
TQ3 2NT,2
TQ3 2NU,3
TQ3 2NW,2
TQ3 2NX,3
TQ3 2NY,3
TQ3 2NZ,3
TQ3 2PA,3
TQ3 2PB,3
TQ3 2PD,3
TQ3 2PE,5
TQ3 2PF,3
TQ3 2PH,3
TQ3 2PJ,2
TQ3 2PL,3
TQ3 2PN,2
TQ3 2PP,2
TQ3 2PQ,3
TQ3 2PS,2
TQ3 2PT,7
TQ3 2PU,7
TQ3 2PW,1
TQ3 2PX,7
TQ3 2PY,7
TQ3 2PZ,7
TQ3 2QA,5
TQ3 2QB,5
TQ3 2QD,5
TQ3 2QE,5
TQ3 2QF,7
TQ3 2QG,3
TQ3 2QH,5
TQ3 2QJ,5
TQ3 2QL,5
TQ3 2QN,5
TQ3 2QP,5
TQ3 2QQ,3
TQ3 2QR,5
TQ3 2QS,5
TQ3 2QT,5
TQ3 2QU,5
TQ3 2QW,5
TQ3 2QX,5
TQ3 2QY,5
TQ3 2QZ,3
TQ3 2RA,3
TQ3 2RB,3
TQ3 2RD,3
TQ3 2RE,5
TQ3 2RF,5
TQ3 2RG,5
TQ3 2RH,5
TQ3 2RJ,5
TQ3 2RL,5
TQ3 2RN,5
TQ3 2RP,3
TQ3 2RQ,5
TQ3 2RR,3
TQ3 2RS,5
TQ3 2RT,5
TQ3 2RU,3
TQ3 2RW,3
TQ3 2RX,3
TQ3 2RY,1
TQ3 2RZ,1
TQ3 2SA,1
TQ3 2SB,2
TQ3 2SD,1
TQ3 2SE,1
TQ3 2SF,1
TQ3 2SG,1
TQ3 2SH,1
TQ3 2SJ,3
TQ3 2SL,3
TQ3 2SN,3
TQ3 2SP,3
TQ3 2SQ,3
TQ3 2SR,3
TQ3 2SS,3
TQ3 2ST,3
TQ3 2SU,3
TQ3 2SW,3
TQ3 2SX,3
TQ3 2SY,3
TQ3 2SZ,3
TQ3 2TA,3
TQ3 2TB,8
TQ3 2TD,2
TQ3 2TE,2
TQ3 2TF,2
TQ3 2TG,5
TQ3 2TH,5
TQ3 2TJ,5
TQ3 2TL,5
TQ3 2TN,5
TQ3 2TP,5
TQ3 2TQ,5
TQ3 2TR,2
TQ3 2TS,2
TQ3 2TT,2
TQ3 2TU,2
TQ3 2TW,2
TQ3 2TX,8
TQ3 2TY,2
TQ3 2TZ,2
TQ3 2UA,1
TQ3 2UB,2
TQ3 2UD,2
TQ3 2UE,3
TQ3 2WA,2
TQ3 2WB,1
TQ3 2WD,2
TQ3 2WF,1
TQ3 2WG,1
TQ3 2WQ,1
TQ3 2WR,1
TQ3 2WS,1
TQ3 2WT,1
TQ3 2WU,1
TQ3 2WW,1
TQ3 2WX,1
TQ3 2WY,1
TQ3 2WZ,1
TQ3 2XG,1
TQ3 2XH,1
TQ3 2XJ,1
TQ3 2XN,1
TQ3 2XP,1
TQ3 2XQ,1
TQ3 2XS,1
TQ3 2XX,1
TQ3 2XY,2
TQ3 2XZ,1
TQ3 2YA,1
TQ3 2YB,2
TQ3 2YD,2
TQ3 2YE,2
TQ3 2YF,1
TQ3 2YG,1
TQ3 2YH,2
TQ3 2YJ,1
TQ3 2YL,2
TQ3 2YN,2
TQ3 2YP,1
TQ3 2YQ,2
TQ3 2YR,2
TQ3 2YS,2
TQ3 2YT,2
TQ3 2YU,1
TQ3 2YW,2
TQ3 2YX,2
TQ3 2YY,2
TQ3 2YZ,1
TQ3 2ZJ,1
TQ3 2ZQ,1
TQ3 2ZW,1
TQ3 2ZX,1
TQ3 3AA,1
TQ3 3AB,1
TQ3 3AD,1
TQ3 3AE,1
TQ3 3AF,1
TQ3 3AG,1
TQ3 3AH,1
TQ3 3AJ,1
TQ3 3AL,1
TQ3 3AN,1
TQ3 3AP,1
TQ3 3AQ,1
TQ3 3AR,1
TQ3 3AS,1
TQ3 3AT,1
TQ3 3AU,1
TQ3 3AW,1
TQ3 3AX,1
TQ3 3AY,1
TQ3 3AZ,1
TQ3 3BA,1
TQ3 3BB,1
TQ3 3BD,1
TQ3 3BE,3
TQ3 3BG,1
TQ3 3BH,1
TQ3 3BJ,1
TQ3 3BL,1
TQ3 3BN,1
TQ3 3BP,1
TQ3 3BQ,1
TQ3 3BS,1
TQ3 3BT,3
TQ3 3BU,3
TQ3 3BW,1
TQ3 3BX,1
TQ3 3BY,3
TQ3 3BZ,3
TQ3 3DA,3
TQ3 3DB,5
TQ3 3DD,3
TQ3 3DE,1
TQ3 3DF,3
TQ3 3DG,3
TQ3 3DH,3
TQ3 3DJ,3
TQ3 3DL,5
TQ3 3DN,3
TQ3 3DP,1
TQ3 3DQ,5
TQ3 3DR,1
TQ3 3DS,1
TQ3 3DT,1
TQ3 3DU,1
TQ3 3DW,1
TQ3 3DX,1
TQ3 3DY,1
TQ3 3DZ,1
TQ3 3EA,3
TQ3 3EB,1
TQ3 3ED,1
TQ3 3EE,1
TQ3 3EF,1
TQ3 3EG,1
TQ3 3EH,1
TQ3 3EJ,1
TQ3 3EL,1
TQ3 3EN,1
TQ3 3EP,1
TQ3 3EQ,1
TQ3 3ER,1
TQ3 3ES,1
TQ3 3ET,1
TQ3 3EU,1
TQ3 3EW,1
TQ3 3EX,1
TQ3 3EY,1
TQ3 3EZ,1
TQ3 3FA,1
TQ3 3FB,3
TQ3 3FD,1
TQ3 3FE,1
TQ3 3FF,1
TQ3 3FG,2
TQ3 3FH,3
TQ3 3FJ,1
TQ3 3FL,1
TQ3 3FN,2
TQ3 3FQ,2
TQ3 3FR,2
TQ3 3FS,2
TQ3 3FT,1
TQ3 3FU,1
TQ3 3FW,1
TQ3 3FX,3
TQ3 3FY,3
TQ3 3FZ,3
TQ3 3GA,2
TQ3 3GB,2
TQ3 3GD,2
TQ3 3GE,5
TQ3 3GF,5
TQ3 3GG,5
TQ3 3GH,5
TQ3 3GJ,5
TQ3 3GL,5
TQ3 3GN,5
TQ3 3GP,5
TQ3 3GR,5
TQ3 3GS,2
TQ3 3GT,2
TQ3 3GU,2
TQ3 3GW,5
TQ3 3GX,5
TQ3 3GY,5
TQ3 3GZ,5
TQ3 3HA,1
TQ3 3HB,1
TQ3 3HD,2
TQ3 3HE,1
TQ3 3HF,1
TQ3 3HG,1
TQ3 3HH,1
TQ3 3HJ,1
TQ3 3HL,1
TQ3 3HN,1
TQ3 3HP,3
TQ3 3HQ,1
TQ3 3HR,1
TQ3 3HS,1
TQ3 3HT,1
TQ3 3HU,1
TQ3 3HW,1
TQ3 3HX,5
TQ3 3HY,3
TQ3 3HZ,3
TQ3 3JA,3
TQ3 3JB,3
TQ3 3JD,3
TQ3 3JE,3
TQ3 3JF,3
TQ3 3JG,3
TQ3 3JH,5
TQ3 3JJ,2
TQ3 3JN,3
TQ3 3JP,3
TQ3 3JQ,3
TQ3 3JR,3
TQ3 3JS,3
TQ3 3JT,3
TQ3 3JU,3
TQ3 3JW,3
TQ3 3JX,5
TQ3 3JY,5
TQ3 3JZ,5
TQ3 3LA,2
TQ3 3LB,5
TQ3 3LD,5
TQ3 3LE,3
TQ3 3LF,3
TQ3 3LG,3
TQ3 3LH,3
TQ3 3LJ,3
TQ3 3LL,3
TQ3 3LN,3
TQ3 3LP,5
TQ3 3LQ,3
TQ3 3LR,5
TQ3 3LS,5
TQ3 3LT,5
TQ3 3LU,2
TQ3 3LW,3
TQ3 3LY,5
TQ3 3LZ,5
TQ3 3NA,5
TQ3 3NB,5
TQ3 3ND,5
TQ3 3NE,5
TQ3 3NF,5
TQ3 3NG,5
TQ3 3NH,7
TQ3 3NJ,3
TQ3 3NL,3
TQ3 3NN,3
TQ3 3NP,7
TQ3 3NQ,1
TQ3 3NR,3
TQ3 3NS,3
TQ3 3NT,5
TQ3 3NU,3
TQ3 3NW,3
TQ3 3NX,5
TQ3 3NY,3
TQ3 3NZ,1
TQ3 3PA,5
TQ3 3PB,5
TQ3 3PD,5
TQ3 3PE,1
TQ3 3PF,1
TQ3 3PG,1
TQ3 3PH,1
TQ3 3PJ,1
TQ3 3PL,1
TQ3 3PN,1
TQ3 3PP,1
TQ3 3PQ,1
TQ3 3PR,1
TQ3 3PS,1
TQ3 3PT,1
TQ3 3PU,1
TQ3 3PW,1
TQ3 3PX,1
TQ3 3PY,1
TQ3 3PZ,1
TQ3 3QA,3
TQ3 3QB,3
TQ3 3QD,3
TQ3 3QE,5
TQ3 3QF,3
TQ3 3QG,5
TQ3 3QH,5
TQ3 3QJ,5
TQ3 3QL,5
TQ3 3QN,5
TQ3 3QP,5
TQ3 3QQ,5
TQ3 3QR,5
TQ3 3QS,5
TQ3 3QT,5
TQ3 3QU,5
TQ3 3QW,5
TQ3 3QX,5
TQ3 3QY,3
TQ3 3QZ,3
TQ3 3RA,5
TQ3 3RB,5
TQ3 3RD,3
TQ3 3RE,1
TQ3 3RF,2
TQ3 3RG,1
TQ3 3RH,3
TQ3 3RJ,3
TQ3 3RL,2
TQ3 3RN,2
TQ3 3RP,2
TQ3 3RQ,3
TQ3 3RR,2
TQ3 3RS,2
TQ3 3RT,3
TQ3 3RU,2
TQ3 3RW,2
TQ3 3RX,5
TQ3 3RY,2
TQ3 3RZ,5
TQ3 3SA,5
TQ3 3SB,3
TQ3 3SD,3
TQ3 3SE,3
TQ3 3SF,5
TQ3 3SG,5
TQ3 3SH,3
TQ3 3SJ,1
TQ3 3SL,3
TQ3 3SN,1
TQ3 3SP,1
TQ3 3SQ,1
TQ3 3SR,1
TQ3 3SS,1
TQ3 3ST,1
TQ3 3SU,1
TQ3 3SW,1
TQ3 3SX,3
TQ3 3SY,2
TQ3 3SZ,3
TQ3 3TA,3
TQ3 3TB,3
TQ3 3TD,3
TQ3 3TE,3
TQ3 3TF,3
TQ3 3TG,1
TQ3 3TH,5
TQ3 3TJ,5
TQ3 3TL,2
TQ3 3TN,2
TQ3 3TP,2
TQ3 3TQ,5
TQ3 3TR,2
TQ3 3TS,2
TQ3 3TT,2
TQ3 3TU,2
TQ3 3TW,2
TQ3 3TX,2
TQ3 3TY,3
TQ3 3TZ,3
TQ3 3UA,3
TQ3 3UB,2
TQ3 3UD,2
TQ3 3UE,2
TQ3 3UF,2
TQ3 3UG,2
TQ3 3UH,3
TQ3 3UJ,2
TQ3 3UL,2
TQ3 3UN,2
TQ3 3UP,2
TQ3 3UQ,3
TQ3 3UR,2
TQ3 3US,1
TQ3 3UT,2
TQ3 3UU,1
TQ3 3UW,2
TQ3 3UX,2
TQ3 3UY,2
TQ3 3UZ,2
TQ3 3WA,3
TQ3 3WB,3
TQ3 3WD,1
TQ3 3WE,3
TQ3 3WF,1
TQ3 3WG,1
TQ3 3WH,1
TQ3 3WJ,1
TQ3 3WL,1
TQ2 5NE,1
TQ2 5NF,1
TQ2 5NG,1
TQ2 5NH,1
TQ2 5NJ,1
TQ2 5NL,1
TQ2 5NN,1
TQ2 5NP,1
TQ2 5NQ,1
TQ2 5NR,1
TQ2 5NS,1
TQ2 5NT,1
TQ2 5NU,1
TQ2 5NW,1
TQ2 5NX,1
TQ2 5NY,1
TQ2 5NZ,1
TQ2 5PA,1
TQ2 5PB,1
TQ2 5PD,1
TQ2 5PE,1
TQ2 5PF,1
TQ2 5PG,1
TQ2 5PH,1
TQ2 5PJ,1
TQ2 5PL,1
TQ2 5PN,1
TQ2 5PP,1
TQ2 5PQ,1
TQ2 5PR,1
TQ2 5PS,1
TQ2 5PT,1
TQ2 5PU,1
TQ2 5PW,1
TQ2 5PX,1
TQ2 5PY,1
TQ2 5PZ,1
TQ2 5QA,1
TQ2 5QB,1
TQ2 5QD,1
TQ2 5QG,1
TQ2 5QH,1
TQ2 5QJ,1
TQ2 5QL,1
TQ2 5QN,1
TQ2 5QP,1
TQ2 5QQ,1
TQ2 5QR,1
TQ2 5QS,1
TQ2 5QT,1
TQ2 5QU,1
TQ2 5QW,1
TQ2 5QX,1
TQ2 5QY,1
TQ2 5QZ,1
TQ2 5RA,1
TQ2 5RB,1
TQ2 5RD,1
TQ2 5RF,1
TQ2 5RH,1
TQ2 5RJ,1
TQ2 5RL,1
TQ2 5RN,1
TQ2 5RP,1
TQ2 5RQ,1
TQ2 5RR,1
TQ2 5RS,1
TQ2 5RT,1
TQ2 5RU,1
TQ2 5RW,1
TQ2 5RX,1
TQ2 5RY,1
TQ2 5RZ,1
TQ2 5SA,1
TQ2 5SB,1
TQ2 5SD,1
TQ2 5SE,1
TQ2 5SF,1
TQ2 5SG,1
TQ2 5SH,1
TQ2 5SJ,1
TQ2 5SL,1
TQ2 5SN,1
TQ2 5SP,1
TQ2 5SQ,1
TQ2 5SR,1
TQ2 5SS,1
TQ2 5ST,1
TQ2 5SU,1
TQ2 5SW,1
TQ2 5SX,1
TQ2 5SY,1
TQ2 5SZ,1
TQ2 5TA,1
TQ2 5TB,1
TQ2 5TD,1
TQ2 5TE,1
TQ2 5TF,1
TQ2 5TG,2
TQ2 5TH,1
TQ2 5TJ,1
TQ2 5TL,1
TQ2 5TN,1
TQ2 5TP,1
TQ2 5TQ,1
TQ2 5TR,1
TQ2 5TS,1
TQ2 5TT,1
TQ2 5TU,1
TQ2 5TW,1
TQ2 5TX,1
TQ2 5TY,1
TQ2 5TZ,1
TQ2 5UA,1
TQ2 5UB,1
TQ2 5UD,1
TQ2 5UE,1
TQ2 5UF,1
TQ2 5UG,1
TQ2 5UH,1
TQ2 5UJ,1
TQ2 5UL,1
TQ2 5UN,1
TQ2 5UP,1
TQ2 5UQ,1
TQ2 5UR,1
TQ2 5UT,1
TQ2 5UU,1
TQ2 5UW,1
TQ2 5UX,1
TQ2 5UY,1
TQ2 5UZ,6
TQ2 5WA,1
TQ2 5WB,6
TQ2 5WD,1
TQ2 5WE,1
TQ2 5WF,1
TQ2 5WQ,6
TQ2 5WT,6
TQ2 5WU,6
TQ2 5WW,6
TQ2 5WX,6
TQ2 5WY,6
TQ2 5WZ,1
TQ2 5XA,1
TQ2 5XB,1
TQ2 5XD,1
TQ2 5XE,1
TQ2 5XF,6
TQ2 5XG,1
TQ2 5XH,4
TQ2 5XJ,1
TQ2 5XL,1
TQ2 5XN,1
TQ2 5XP,6
TQ2 5XQ,1
TQ2 5XR,1
TQ2 5XS,6
TQ2 5XT,1
TQ2 5XU,1
TQ2 5XW,1
TQ2 5XX,1
TQ2 5XY,6
TQ2 5XZ,4
TQ2 5YA,1
TQ2 5YB,1
TQ2 5YD,1
TQ2 5YE,1
TQ2 5YF,6
TQ2 5YG,1
TQ2 5YH,1
TQ2 5YJ,6
TQ2 5YL,1
TQ2 5YN,1
TQ2 5YP,1
TQ2 5YQ,1
TQ2 5YR,1
TQ2 5YS,6
TQ2 5YT,1
TQ2 5YU,1
TQ2 5YW,1
TQ2 5YX,1
TQ2 5YY,1
TQ2 5YZ,1
TQ2 5ZA,1
TQ2 5ZB,1
TQ2 5ZD,1
TQ2 5ZE,1
TQ2 5ZF,1
TQ2 5ZG,1
TQ2 5ZH,6
TQ2 5ZJ,6
TQ2 5ZL,1
TQ2 5ZQ,1
TQ2 5ZR,1
TQ2 5ZS,6
TQ2 5ZT,1
TQ2 5ZW,6
TQ2 5ZY,1
TQ2 6AA,4
TQ2 6AB,4
TQ2 6AD,3
TQ2 6AE,2
TQ2 6AF,3
TQ2 6AG,3
TQ2 6AH,3
TQ2 6AJ,3
TQ2 6AL,3
TQ2 6AN,3
TQ2 6AP,3
TQ2 6AQ,3
TQ2 6AR,3
TQ2 6AS,3
TQ2 6AT,3
TQ2 6AU,3
TQ2 6AW,3
TQ2 6AX,3
TQ2 6AY,3
TQ2 6AZ,3
TQ2 6BA,3
TQ2 6BB,3
TQ2 6BD,3
TQ2 6BE,3
TQ2 6BG,3
TQ2 6BH,3
TQ2 6BJ,2
TQ2 6BL,6
TQ2 6BN,6
TQ2 6BP,2
TQ2 6BQ,3
TQ2 6BR,2
TQ2 6BS,2
TQ2 6BT,2
TQ2 6BU,2
TQ2 6BW,2
TQ2 6BX,2
TQ2 6BY,2
TQ2 6BZ,2
TQ2 6DA,2
TQ2 6DB,2
TQ2 6DD,2
TQ2 6DE,2
TQ2 6DF,2
TQ2 6DG,2
TQ2 6DH,2
TQ2 6DJ,2
TQ2 6DL,2
TQ2 6DN,2
TQ2 6DP,5
TQ2 6DQ,2
TQ2 6DR,5
TQ2 6DS,2
TQ2 6DT,2
TQ2 6DU,5
TQ2 6DW,5
TQ2 6DX,5
TQ2 6DY,2
TQ2 6DZ,2
TQ2 6EA,2
TQ2 6EB,6
TQ2 6ED,6
TQ2 6EE,3
TQ2 6EF,6
TQ2 6EG,6
TQ2 6EH,3
TQ2 6EJ,5
TQ2 6EL,5
TQ2 6EN,5
TQ2 6EP,5
TQ2 6EQ,6
TQ2 6ER,5
TQ2 6ES,8
TQ2 6ET,5
TQ2 6EU,8
TQ2 6EW,5
TQ2 6EX,8
TQ2 6EY,5
TQ2 6EZ,5
TQ2 6FA,9
TQ2 6FD,3
TQ2 6FE,2
TQ2 6GU,9
TQ2 6HA,3
TQ2 6HD,3
TQ2 6HE,3
TQ2 6HF,3
TQ2 6HG,6
TQ2 6HH,3
TQ2 6HJ,3
TQ2 6HL,3
TQ2 6HN,6
TQ2 6HP,3
TQ2 6HQ,3
TQ2 6HR,3
TQ2 6HS,3
TQ2 6HT,3
TQ2 6HU,3
TQ2 6HW,3
TQ2 6HX,3
TQ2 6HY,3
TQ2 6HZ,3
TQ2 6JA,3
TQ2 6JB,6
TQ2 6JD,3
TQ2 6JE,3
TQ2 6JF,3
TQ2 6JG,1
TQ2 6JH,8
TQ2 6JJ,8
TQ2 6JL,8
TQ2 6JN,8
TQ2 6JP,8
TQ2 6JQ,8
TQ2 6JR,8
TQ2 6JS,8
TQ2 6JT,8
TQ2 6JU,8
TQ2 6JW,8
TQ2 6JX,8
TQ2 6JY,8
TQ2 6JZ,8
TQ2 6LA,8
TQ2 6LB,8
TQ2 6LD,8
TQ2 6LE,8
TQ2 6LF,8
TQ2 6LG,8
TQ2 6LL,6
TQ2 6LN,6
TQ2 6LP,6
TQ2 6LR,6
TQ2 6LS,6
TQ2 6LT,3
TQ2 6LU,3
TQ2 6LW,6
TQ2 6LX,6
TQ2 6LY,6
TQ2 6LZ,6
TQ2 6NA,6
TQ2 6NB,5
TQ2 6ND,5
TQ2 6NE,5
TQ2 6NF,6
TQ2 6NG,5
TQ2 6NH,8
TQ2 6NJ,8
TQ2 6NL,5
TQ2 6NN,8
TQ2 6NQ,5
TQ2 6NT,3
TQ2 6NU,3
TQ2 6NW,6
TQ2 6NX,3
TQ2 6NY,3
TQ2 6NZ,3
TQ2 6PA,3
TQ2 6PB,3
TQ2 6PD,3
TQ2 6PE,3
TQ2 6PF,3
TQ2 6PG,9
TQ2 6PH,3
TQ2 6PJ,3
TQ2 6PL,3
TQ2 6PN,3
TQ2 6PP,9
TQ2 6PQ,3
TQ2 6PR,9
TQ2 6PS,9
TQ2 6PT,3
TQ2 6PU,3
TQ2 6PW,9
TQ2 6PX,9
TQ2 6PY,9
TQ2 6PZ,9
TQ2 6QA,3
TQ2 6QB,3
TQ2 6QD,3
TQ2 6QE,3
TQ2 6QF,9
TQ2 6QG,3
TQ2 6QH,3
TQ2 6QJ,9
TQ2 6QL,9
TQ2 6QN,3
TQ2 6QP,9
TQ2 6QQ,3
TQ2 6QR,9
TQ2 6QS,9
TQ2 6QT,9
TQ2 6QU,9
TQ2 6QW,9
TQ2 6QX,9
TQ2 6QY,9
TQ2 6QZ,9
TQ2 6RA,9
TQ2 6RB,9
TQ2 6RD,9
TQ2 6RE,9
TQ2 6RF,1
TQ2 6RG,9
TQ2 6RH,9
TQ2 6RJ,3
TQ2 6RL,6
TQ2 6RN,6
TQ2 6RP,3
TQ2 6RQ,9
TQ2 6RR,6
TQ2 6RS,6
TQ2 6RT,6
TQ2 6RU,6
TQ2 6RW,3
TQ2 6RX,6
TQ2 6RY,6
TQ2 6RZ,6
TQ2 6SA,6
TQ2 6SB,6
TQ2 6SD,5
TQ2 6SE,5
TQ2 6SF,5
TQ2 6SG,8
TQ2 6SH,3
TQ2 6SJ,9
TQ2 6SL,9
TQ2 6SP,9
TQ2 6SQ,8
TQ2 6SR,9
TQ2 6SS,9
TQ2 6ST,9
TQ2 6SU,9
TQ2 6SW,9
TQ2 6SX,9
TQ2 6SY,9
TQ2 6SZ,9
TQ2 6TA,9
TQ2 6TB,9
TQ2 6TD,9
TQ2 6TE,9
TQ2 6TF,9
TQ2 6TG,9
TQ2 6TH,9
TQ2 6TJ,9
TQ2 6TL,9
TQ2 6TN,9
TQ2 6TP,9
TQ2 6TQ,9
TQ2 6TR,6
TQ2 6TS,9
TQ2 6TT,9
TQ2 6TW,9
TQ2 6TX,9
TQ2 6TY,9
TQ2 6TZ,9
TQ2 6UA,9
TQ2 6UB,9
TQ2 6UD,9
TQ2 6UE,9
TQ2 6UF,9
TQ2 6UG,9
TQ2 6UH,9
TQ2 6UJ,9
TQ2 6UL,9
TQ2 6UN,9
TQ2 6UP,9
TQ2 6UQ,9
TQ2 6UR,9
TQ2 6UT,9
TQ2 6UU,9
TQ2 6UW,9
TQ2 6UX,9
TQ2 6UY,9
TQ2 6WA,9
TQ2 6WB,9
TQ2 6WD,9
TQ2 6WE,6
TQ2 6WG,9
TQ2 6WN,9
TQ2 6WY,6
TQ2 6WZ,9
TQ2 6XA,6
TQ2 6XB,6
TQ2 6XD,6
TQ2 6XE,6
TQ2 6XF,1
TQ2 6XJ,6
TQ2 6XL,6
TQ2 6XN,1
TQ2 6XQ,6
TQ2 6XR,6
TQ2 6XS,6
TQ2 6XT,1
TQ2 6XU,6
TQ2 6XW,1
TQ2 6XX,6
TQ2 6XY,6
TQ2 6XZ,1
TQ2 6YA,1
TQ2 6YB,1
TQ2 6YD,1
TQ2 6YE,1
TQ2 6YF,6
TQ2 6YG,1
TQ2 6YH,6
TQ2 6YJ,6
TQ2 6YL,6
TQ2 6YN,1
TQ2 6YP,1
TQ2 6YQ,6
TQ2 6YR,6
TQ2 6YS,6
TQ2 6YT,6
TQ2 6YU,6
TQ2 6YW,6
TQ2 6YX,6
TQ2 6YY,6
TQ2 6YZ,6
TQ2 6ZA,6
TQ2 6ZB,6
TQ2 6ZD,6
TQ2 6ZE,1
TQ2 6ZF,1
TQ2 6ZG,1
TQ2 6ZH,6
TQ2 6ZJ,6
TQ2 6ZL,6
TQ2 6ZN,1
TQ2 6ZQ,1
TQ2 6ZR,6
TQ2 6ZT,6
TQ2 6ZW,1
TQ2 6ZY,1
TQ2 7AA,8
TQ2 7AB,8
TQ2 7AD,6
TQ2 7AE,6
TQ2 7AF,6
TQ2 7AG,6
TQ2 7AH,6
TQ2 7AJ,6
TQ2 7AL,6
TQ2 7AN,4
TQ2 7AP,6
TQ2 7AQ,6
TQ2 7AR,4
TQ2 7AS,4
TQ2 7AT,4
TQ2 7AU,4
TQ2 7AW,8
TQ2 7AX,4
TQ2 7AY,4
TQ2 7AZ,7
TQ2 7BA,6
TQ2 7BB,4
TQ2 7BD,4
TQ2 7BE,6
TQ2 7BG,6
TQ2 7BH,6
TQ2 7BJ,7
TQ2 7BL,4
TQ2 7BN,4
TQ2 7BP,8
TQ2 7BQ,6
TQ2 7BR,6
TQ2 7BS,3
TQ2 7BT,6
TQ2 7BU,6
TQ2 7BW,4
TQ2 7BX,3
TQ2 7BY,3
TQ2 7BZ,8
TQ2 7DA,8
TQ2 7DB,8
TQ2 7DD,8
TQ2 7DE,8
TQ2 7DF,8
TQ2 7DG,8
TQ2 7DH,8
TQ2 7DJ,8
TQ2 7DL,8
TQ2 7DN,8
TQ2 7DP,3
TQ2 7DQ,8
TQ2 7DR,8
TQ2 7DS,6
TQ2 7DT,6
TQ2 7DU,8
TQ2 7DW,8
TQ2 7DX,2
TQ2 7DY,2
TQ2 7DZ,2
TQ2 7EA,8
TQ2 7EB,8
TQ2 7ED,8
TQ2 7EE,3
TQ2 7EF,3
TQ2 7EG,3
TQ2 7EH,8
TQ2 7EJ,8
TQ2 7EL,8
TQ2 7EN,1
TQ2 7EP,6
TQ2 7EQ,3
TQ2 7ER,6
TQ2 7ES,6
TQ2 7ET,6
TQ2 7EU,6
TQ2 7EW,4
TQ2 7EX,6
TQ2 7EY,6
TQ2 7EZ,6
TQ2 7FA,7
TQ2 7FB,3
TQ2 7FD,3
TQ2 7FE,6
TQ2 7FF,7
TQ2 7FG,6
TQ2 7FH,6
TQ2 7FJ,6
TQ2 7FL,6
TQ2 7FN,6
TQ2 7FP,6
TQ2 7FR,6
TQ2 7FS,6
TQ2 7FT,6
TQ2 7FU,7
TQ2 7FW,7
TQ2 7FX,7
TQ2 7GA,6
TQ2 7GB,6
TQ2 7GD,6
TQ2 7GE,6
TQ2 7GF,6
TQ2 7GG,6
TQ2 7GH,7
TQ2 7GJ,7
TQ2 7GL,6
TQ2 7GN,6
TQ2 7GP,6
TQ2 7GQ,6
TQ2 7GR,6
TQ2 7GS,6
TQ2 7GT,6
TQ2 7GU,6
TQ2 7GW,6
TQ2 7GY,6
TQ2 7GZ,6
TQ2 7HA,6
TQ2 7HB,6
TQ2 7HD,8
TQ2 7HE,6
TQ2 7HF,6
TQ2 7HG,6
TQ2 7HH,6
TQ2 7HJ,3
TQ2 7HL,6
TQ2 7HN,8
TQ2 7HP,8
TQ2 7HQ,6
TQ2 7HR,6
TQ2 7HS,6
TQ2 7HT,7
TQ2 7HW,8
TQ2 7HX,8
TQ2 7HY,8
TQ2 7HZ,6
TQ2 7JA,6
TQ2 7JB,6
TQ2 7JD,6
TQ2 7JE,6
TQ2 7JF,7
TQ2 7JG,7
TQ2 7JH,6
TQ2 7JJ,3
TQ2 7JN,6
TQ2 7JP,6
TQ2 7JQ,3
TQ2 7JR,6
TQ2 7JS,6
TQ2 7JT,6
TQ2 7JU,6
TQ2 7JW,6
TQ2 7JX,6
TQ2 7JY,6
TQ2 7JZ,6
TQ2 7LA,6
TQ2 7LB,6
TQ2 7LD,6
TQ2 7LE,6
TQ2 7LF,8
TQ2 7LG,3
TQ2 7LJ,8
TQ2 7LL,3
TQ2 7LN,3
TQ2 7LP,3
TQ2 7LQ,3
TQ2 7LR,3
TQ2 7LS,3
TQ2 7LT,3
TQ2 7LU,3
TQ2 7LW,3
TQ2 7LX,3
TQ2 7LY,3
TQ2 7LZ,3
TQ2 7NA,3
TQ2 7NB,3
TQ2 7ND,7
TQ2 7NE,3
TQ2 7NF,3
TQ2 7NG,3
TQ2 7NH,3
TQ2 7NJ,4
TQ2 7NL,4
TQ2 7NN,4
TQ2 7NP,4
TQ2 7NQ,3
TQ2 7NR,4
TQ2 7NS,4
TQ2 7NT,4
TQ2 7NU,4
TQ2 7NW,4
TQ2 7NX,4
TQ2 7NY,4
TQ2 7NZ,1
TQ2 7PA,3
TQ2 7PB,4
TQ2 7PD,1
TQ2 7PE,1
TQ2 7PF,1
TQ2 7PG,1
TQ2 7PH,4
TQ2 7PJ,4
TQ2 7PP,1
TQ2 7PQ,1
TQ2 7PR,1
TQ2 7PS,1
TQ2 7PT,1
TQ2 7PU,1
TQ2 7PW,1
TQ2 7PX,1
TQ2 7PY,4
TQ2 7PZ,1
TQ2 7QA,1
TQ2 7QB,1
TQ2 7QD,1
TQ2 7QE,1
TQ2 7QF,1
TQ2 7QG,6
TQ2 7QH,1
TQ2 7QJ,4
TQ2 7QL,6
TQ2 7QN,6
TQ2 7QP,1
TQ2 7QQ,6
TQ2 7QR,1
TQ2 7QS,1
TQ2 7QT,1
TQ2 7QU,1
TQ2 7QW,6
TQ2 7QX,1
TQ2 7QZ,1
TQ2 7RA,7
TQ2 7RB,3
TQ2 7RD,7
TQ2 7RE,7
TQ2 7RF,7
TQ2 7RG,7
TQ2 7RH,7
TQ2 7RJ,7
TQ2 7RL,7
TQ2 7RN,7
TQ2 7RP,7
TQ2 7RQ,7
TQ2 7RR,7
TQ2 7RS,7
TQ2 7RT,7
TQ2 7RU,7
TQ2 7RW,7
TQ2 7RX,7
TQ2 7RY,7
TQ2 7RZ,7
TQ2 7SA,7
TQ2 7SB,7
TQ2 7SD,7
TQ2 7SE,7
TQ2 7SF,7
TQ2 7SG,6
TQ2 7SH,7
TQ2 7SJ,7
TQ2 7SL,7
TQ2 7SN,7
TQ2 7SP,7
TQ2 7SQ,7
TQ2 7SR,7
TQ2 7SS,7
TQ2 7ST,7
TQ2 7SU,7
TQ2 7SW,7
TQ2 7SX,1
TQ2 7SY,7
TQ2 7SZ,1
TQ2 7TA,6
TQ2 7TB,7
TQ2 7TD,7
TQ2 7TE,7
TQ2 7TF,7
TQ2 7TG,7
TQ2 7TH,7
TQ2 7TJ,7
TQ2 7TL,7
TQ2 7TN,7
TQ2 7TP,7
TQ2 7TR,7
TQ2 7TS,7
TQ2 7TT,7
TQ2 7TU,7
TQ2 7WA,6
TQ2 7WB,6
TQ2 7WD,6
TQ2 7WZ,7
TQ2 7XA,7
TQ2 7XJ,1
TQ2 7XR,1
TQ2 7XS,1
TQ2 7XT,6
TQ2 7XU,1
TQ2 7XW,1
TQ2 7XX,1
TQ2 7XY,1
TQ2 7XZ,6
TQ2 7YA,6
TQ2 7YB,6
TQ2 7YD,6
TQ2 7YE,6
TQ2 7YF,1
TQ2 7YG,1
TQ2 7YH,6
TQ2 7YJ,6
TQ2 7YL,6
TQ2 7YN,6
TQ2 7YP,1
TQ2 7YQ,6
TQ2 7YR,1
TQ2 7YS,6
TQ2 7YT,6
TQ2 7YU,1
TQ2 7YW,6
TQ2 7YX,6
TQ2 7YY,6
TQ2 7YZ,6
TQ2 7ZA,1
TQ2 7ZB,6
TQ2 7ZD,6
TQ2 7ZE,6
TQ2 7ZJ,6
TQ2 7ZL,6
TQ2 7ZN,6
TQ2 7ZQ,6
TQ2 7ZR,1
TQ2 8AA,1
TQ2 8AB,1
TQ2 8AD,1
TQ2 8AE,1
TQ2 8AF,1
TQ2 8AG,1
TQ2 8AH,1
TQ2 8AJ,1
TQ2 8AL,1
TQ2 8AN,1
TQ2 8AP,1
TQ2 8AQ,1
TQ2 8AR,2
TQ2 8AS,2
TQ2 8AT,2
TQ2 8AU,2
TQ2 8AW,1
TQ2 8AX,2
TQ2 8AZ,1
TQ2 8BA,4
TQ2 8BB,1
TQ2 8BD,4
TQ2 8BE,1
TQ2 8BG,1
TQ2 8BH,1
TQ2 8BJ,1
TQ2 8BL,1
TQ2 8BN,2
TQ2 8BP,1
TQ2 8BQ,4
TQ2 8BR,1
TQ2 8BS,1
TQ2 8BT,1
TQ2 8BU,1
TQ2 8BW,1
TQ2 8BX,1
TQ2 8BY,1
TQ2 8BZ,1
TQ2 8DA,1
TQ2 8DB,1
TQ2 8DD,1
TQ2 8DE,4
TQ2 8DF,1
TQ2 8DG,4
TQ2 8DH,4
TQ2 8DJ,1
TQ2 8DL,1
TQ2 8DN,2
TQ2 8DP,2
TQ2 8DQ,1
TQ2 8DR,4
TQ2 8DS,4
TQ2 8DT,1
TQ2 8DU,1
TQ2 8DW,2
TQ2 8DX,1
TQ2 8DY,5
TQ2 8DZ,5
TQ2 8EA,3
TQ2 8EB,4
TQ2 8ED,3
TQ2 8EE,1
TQ2 8EF,1
TQ2 8EG,1
TQ2 8EH,1
TQ2 8EJ,1
TQ2 8EL,1
TQ2 8EN,1
TQ2 8EP,1
TQ2 8EQ,1
TQ2 8ER,1
TQ2 8ES,1
TQ2 8ET,1
TQ2 8EU,2
TQ2 8EW,1
TQ2 8EX,2
TQ2 8EY,2
TQ2 8EZ,1
TQ2 8FA,1
TQ2 8FB,6
TQ2 8GP,6
TQ2 8GQ,6
TQ2 8GR,6
TQ2 8GS,6
TQ2 8GT,6
TQ2 8GU,6
TQ2 8GW,6
TQ2 8GX,6
TQ2 8GY,6
TQ2 8GZ,6
TQ2 8HA,1
TQ2 8HB,1
TQ2 8HD,1
TQ2 8HE,1
TQ2 8HF,1
TQ2 8HG,1
TQ2 8HH,2
TQ2 8HJ,2
TQ2 8HL,1
TQ2 8HN,6
TQ2 8HP,2
TQ2 8HQ,6
TQ2 8HR,6
TQ2 8HS,6
TQ2 8HT,6
TQ2 8HU,6
TQ2 8HW,6
TQ2 8HX,6
TQ2 8HY,6
TQ2 8HZ,6
TQ2 8JA,6
TQ2 8JB,6
TQ2 8JD,6
TQ2 8JE,6
TQ2 8JF,6
TQ2 8JG,6
TQ2 8JH,6
TQ2 8JJ,6
TQ2 8JL,6
TQ2 8JN,2
TQ2 8JQ,2
TQ2 8JS,6
TQ2 8JT,6
TQ2 8JU,6
TQ2 8JW,2
TQ2 8JX,6
TQ2 8JY,6
TQ2 8JZ,4
TQ2 8LA,6
TQ2 8LB,4
TQ2 8LD,4
TQ2 8LE,4
TQ2 8LF,4
TQ2 8LG,4
TQ2 8LH,6
TQ2 8LJ,6
TQ2 8LL,6
TQ2 8LN,4
TQ2 8LP,6
TQ2 8LQ,6
TQ2 8LR,4
TQ2 8LS,6
TQ3 3WN,3
TQ3 3WP,1
TQ3 3WQ,3
TQ3 3WR,1
TQ3 3WS,1
TQ3 3WT,1
TQ3 3WU,1
TQ3 3WW,1
TQ3 3WX,1
TQ3 3WY,1
TQ3 3WZ,1
TQ3 3XA,2
TQ3 3XB,2
TQ3 3XD,2
TQ3 3XE,1
TQ3 3XF,5
TQ3 3XG,2
TQ3 3XH,5
TQ3 3XJ,1
TQ3 3XL,2
TQ3 3XN,1
TQ3 3XP,2
TQ3 3XQ,1
TQ3 3XR,1
TQ3 3XS,2
TQ3 3XT,1
TQ3 3XU,3
TQ3 3XW,2
TQ3 3XX,2
TQ3 3XY,5
TQ3 3XZ,2
TQ3 3YA,2
TQ3 3YB,2
TQ3 3YD,2
TQ3 3YE,2
TQ3 3YF,2
TQ3 3YG,2
TQ3 3YH,3
TQ3 3YJ,1
TQ3 3YL,2
TQ3 3YN,2
TQ3 3YP,2
TQ3 3YQ,2
TQ3 3YR,2
TQ3 3YS,2
TQ3 3YT,3
TQ3 3YU,2
TQ3 3YW,2
TQ3 3YX,1
TQ3 3YY,1
TQ3 3YZ,1
TQ3 3ZA,1
TQ3 3ZB,2
TQ3 3ZD,1
TQ3 3ZE,3
TQ3 3ZF,1
TQ3 3ZG,1
TQ3 3ZH,1
TQ3 3ZJ,1
TQ3 3ZL,1
TQ3 3ZN,1
TQ3 3ZP,1
TQ3 3ZQ,1
TQ3 3ZR,1
TQ3 3ZS,1
TQ3 3ZT,5
TQ3 3ZU,5
TQ3 3ZW,2
TQ3 3ZX,1
TQ4 5AA,1
TQ4 5AB,3
TQ4 5AD,1
TQ4 5AE,1
TQ4 5AF,3
TQ4 5AG,1
TQ4 5AH,1
TQ4 5AJ,1
TQ4 5AL,1
TQ4 5AN,3
TQ4 5AP,3
TQ4 5AQ,1
TQ4 5AR,1
TQ4 5AS,1
TQ4 5AT,3
TQ4 5AU,3
TQ4 5AW,3
TQ4 5AX,3
TQ4 5AY,1
TQ4 5AZ,1
TQ4 5BA,1
TQ4 5BB,1
TQ4 5BD,1
TQ4 5BE,1
TQ4 5BG,1
TQ4 5BH,1
TQ4 5BJ,1
TQ4 5BL,1
TQ4 5BN,1
TQ4 5BP,1
TQ4 5BQ,1
TQ4 5BS,1
TQ4 5BT,1
TQ4 5BU,1
TQ4 5BW,1
TQ4 5BX,1
TQ4 5BY,1
TQ4 5BZ,1
TQ4 5DA,1
TQ4 5DB,1
TQ4 5DD,1
TQ4 5DE,1
TQ4 5DF,1
TQ4 5DG,1
TQ4 5DH,1
TQ4 5DJ,1
TQ4 5DL,1
TQ4 5DN,1
TQ4 5DP,1
TQ4 5DQ,1
TQ4 5DR,1
TQ4 5DS,1
TQ4 5DT,1
TQ4 5DU,3
TQ4 5DW,1
TQ4 5DX,1
TQ4 5DY,1
TQ4 5DZ,2
TQ4 5EA,1
TQ4 5EB,1
TQ4 5ED,1
TQ4 5EE,1
TQ4 5EF,1
TQ4 5EG,1
TQ4 5EH,1
TQ4 5EJ,3
TQ4 5EL,1
TQ4 5EN,1
TQ4 5EP,3
TQ4 5EQ,1
TQ4 5ER,3
TQ4 5ES,3
TQ4 5ET,1
TQ4 5EU,1
TQ4 5EW,1
TQ4 5EX,3
TQ4 5EY,3
TQ4 5EZ,3
TQ4 5HA,3
TQ4 5HB,3
TQ4 5HD,6
TQ4 5HE,6
TQ4 5HF,3
TQ4 5HG,3
TQ4 5HH,3
TQ4 5HJ,3
TQ4 5HL,3
TQ4 5HN,3
TQ4 5HP,6
TQ4 5HQ,3
TQ4 5HR,3
TQ4 5HS,3
TQ4 5HT,3
TQ4 5HU,6
TQ4 5HX,6
TQ4 5HY,6
TQ4 5HZ,6
TQ4 5JA,6
TQ4 5JB,6
TQ4 5JD,6
TQ4 5JF,1
TQ4 5JG,6
TQ4 5JH,6
TQ4 5JJ,6
TQ4 5JL,6
TQ4 5JN,6
TQ4 5JP,3
TQ4 5JQ,6
TQ4 5JR,3
TQ4 5JS,6
TQ4 5JT,3
TQ4 5JU,5
TQ4 5JW,6
TQ4 5JX,1
TQ4 5JY,1
TQ4 5JZ,1
TQ4 5LA,1
TQ4 5LB,1
TQ4 5LD,1
TQ4 5LE,1
TQ4 5LF,1
TQ4 5LG,1
TQ4 5LH,1
TQ4 5LJ,1
TQ4 5LL,1
TQ4 5LN,1
TQ4 5LP,1
TQ4 5LQ,2
TQ4 5LR,1
TQ4 5LS,1
TQ4 5LT,1
TQ4 5LU,1
TQ4 5LW,1
TQ4 5LX,2
TQ4 5LY,2
TQ4 5LZ,1
TQ4 5NA,2
TQ4 5NB,2
TQ4 5ND,2
TQ4 5NE,2
TQ4 5NF,2
TQ4 5NG,2
TQ4 5NH,2
TQ4 5NJ,6
TQ4 5NL,3
TQ4 5NN,3
TQ4 5NP,6
TQ4 5NQ,1
TQ4 5NR,6
TQ4 5NS,6
TQ4 5NT,6
TQ4 5NU,6
TQ4 5NW,6
TQ4 5NX,6
TQ4 5NY,6
TQ4 5NZ,6
TQ4 5PA,2
TQ4 5PB,2
TQ4 5PD,2
TQ4 5PE,2
TQ4 5PF,2
TQ4 5PG,2
TQ4 5PH,2
TQ4 5PJ,2
TQ4 5PL,5
TQ4 5PN,5
TQ4 5PP,6
TQ4 5PQ,2
TQ4 5PS,6
TQ4 5PT,3
TQ4 5PU,6
TQ4 5PW,6
TQ4 5PX,3
TQ4 5PY,2
TQ4 5PZ,2
TQ4 5QA,6
TQ4 5QB,3
TQ4 5QD,6
TQ4 5QE,6
TQ4 5QG,6
TQ4 5QH,6
TQ4 5QJ,6
TQ4 5QL,6
TQ4 5QN,6
TQ4 5QQ,6
TQ4 5QR,6
TQ4 5QS,6
TQ4 5QT,6
TQ4 5QU,6
TQ4 5QW,6
TQ4 5QX,6
TQ4 5QY,6
TQ4 5QZ,6
TQ4 5RB,6
TQ4 5RD,6
TQ4 5RE,6
TQ4 5RF,6
TQ4 5RG,6
TQ4 5RH,6
TQ4 5RJ,6
TQ4 5RL,6
TQ4 5RP,6
TQ4 5RQ,1
TQ4 5RR,6
TQ4 5RS,6
TQ4 5RT,6
TQ4 5RU,6
TQ4 5RW,6
TQ4 5RX,6
TQ4 5RY,3
TQ4 5RZ,3
TQ4 5SA,1
TQ4 5SB,1
TQ4 5SD,1
TQ4 5SE,1
TQ4 5SF,1
TQ4 5SG,1
TQ4 5SH,3
TQ4 5SJ,3
TQ4 5SL,3
TQ4 5SN,3
TQ4 5SP,3
TQ4 5SQ,1
TQ4 5SR,3
TQ4 5SS,3
TQ4 5ST,3
TQ4 5SW,3
TQ4 5SX,6
TQ4 5SY,6
TQ4 5SZ,6
TQ4 5TA,1
TQ4 5UA,1
TQ4 5UB,1
TQ4 5UD,1
TQ4 5UH,2
TQ4 5UJ,2
TQ4 5WA,2
TQ4 5WG,2
TQ4 5WY,1
TQ4 5WZ,1
TQ4 5XW,5
TQ4 5XX,5
TQ4 5XY,5
TQ4 5XZ,1
TQ4 5YA,1
TQ4 5YB,1
TQ4 5YD,1
TQ4 5YE,1
TQ4 5YF,1
TQ4 5YG,2
TQ4 5YH,1
TQ4 5YJ,1
TQ4 5YL,1
TQ4 5YN,1
TQ4 5YP,2
TQ4 5YQ,2
TQ4 5YR,2
TQ4 5YS,1
TQ4 5YT,1
TQ4 5YU,2
TQ4 5YW,1
TQ4 5YX,1
TQ4 5YY,1
TQ4 5YZ,1
TQ4 5ZX,1
TQ4 6AA,1
TQ4 6AB,1
TQ4 6AD,1
TQ4 6AE,1
TQ4 6AF,1
TQ4 6AG,1
TQ4 6AH,1
TQ4 6AJ,1
TQ4 6AL,1
TQ4 6AN,1
TQ4 6AP,1
TQ4 6AQ,1
TQ4 6AR,1
TQ4 6AS,1
TQ4 6AT,1
TQ4 6AU,1
TQ4 6AW,1
TQ4 6AX,1
TQ4 6AY,1
TQ4 6AZ,1
TQ4 6BA,1
TQ4 6BB,1
TQ4 6BD,1
TQ4 6BE,1
TQ4 6BG,1
TQ4 6BH,3
TQ4 6BJ,1
TQ4 6BL,1
TQ4 6BN,1
TQ4 6BP,1
TQ4 6BQ,1
TQ4 6BR,3
TQ4 6BS,1
TQ4 6BT,3
TQ4 6BU,3
TQ4 6BW,1
TQ4 6BX,3
TQ4 6BY,3
TQ4 6BZ,3
TQ4 6DA,3
TQ4 6DB,3
TQ4 6DD,3
TQ4 6DE,3
TQ4 6DF,3
TQ4 6DG,3
TQ4 6DH,3
TQ4 6DJ,3
TQ4 6DL,3
TQ4 6DN,3
TQ4 6DP,3
TQ4 6DQ,3
TQ4 6DR,3
TQ4 6DS,3
TQ4 6DT,3
TQ4 6DU,3
TQ4 6DW,3
TQ4 6DX,3
TQ4 6DY,3
TQ4 6DZ,1
TQ4 6EA,3
TQ4 6EB,1
TQ4 6ED,3
TQ4 6EE,3
TQ4 6EF,7
TQ4 6EG,1
TQ4 6EH,3
TQ4 6EJ,3
TQ4 6EL,3
TQ4 6EN,3
TQ4 6EP,3
TQ4 6EQ,1
TQ4 6ER,3
TQ4 6ES,3
TQ4 6ET,3
TQ4 6EU,1
TQ4 6EW,3
TQ4 6EX,3
TQ4 6EY,3
TQ4 6EZ,3
TQ4 6FA,9
TQ4 6HA,3
TQ4 6HB,1
TQ4 6HD,3
TQ4 6HE,1
TQ4 6HF,3
TQ4 6HG,9
TQ4 6HH,9
TQ4 6HJ,9
TQ4 6HL,9
TQ4 6HN,9
TQ4 6HP,9
TQ4 6HQ,9
TQ4 6HR,9
TQ4 6HS,9
TQ4 6HT,9
TQ4 6HU,9
TQ4 6HW,9
TQ4 6HX,9
TQ4 6HY,9
TQ4 6HZ,9
TQ4 6JA,3
TQ4 6JB,3
TQ4 6JD,3
TQ4 6JE,9
TQ4 6JF,9
TQ4 6JG,9
TQ4 6JH,9
TQ4 6JJ,9
TQ4 6JL,9
TQ4 6JN,9
TQ4 6JP,3
TQ4 6JQ,9
TQ4 6JR,9
TQ4 6JS,3
TQ4 6JT,3
TQ4 6JU,9
TQ4 6JW,9
TQ4 6JX,9
TQ4 6JY,9
TQ4 6JZ,9
TQ4 6LA,9
TQ4 6LB,9
TQ4 6LD,9
TQ4 6LE,9
TQ4 6LF,9
TQ4 6LG,9
TQ4 6LH,9
TQ4 6LJ,9
TQ4 6LL,9
TQ4 6LN,3
TQ4 6LP,3
TQ4 6LQ,7
TQ4 6LR,3
TQ4 6LS,9
TQ4 6LT,6
TQ4 6LU,6
TQ4 6LW,6
TQ4 6LX,6
TQ4 6LY,6
TQ4 6LZ,6
TQ4 6NA,6
TQ4 6NB,6
TQ4 6ND,6
TQ4 6NE,6
TQ4 6NF,6
TQ4 6NG,6
TQ4 6NH,6
TQ4 6NJ,6
TQ4 6NL,6
TQ4 6NN,6
TQ4 6NP,7
TQ4 6NQ,6
TQ4 6NR,7
TQ4 6NS,7
TQ4 6NT,7
TQ4 6NU,7
TQ4 6NW,6
TQ4 6NX,6
TQ4 6NY,6
TQ4 6NZ,6
TQ4 6PA,3
TQ4 6PB,3
TQ4 6PE,1
TQ4 6PT,3
TQ4 6QX,3
TQ4 6QY,3
TQ4 6QZ,3
TQ4 6RA,6
TQ4 6RB,6
TQ4 6WA,6
TQ4 6WB,6
TQ4 6WD,1
TQ4 6WG,6
TQ4 6WW,1
TQ4 6WX,1
TQ4 6WY,1
TQ4 6WZ,1
TQ4 6XW,1
TQ4 6YA,6
TQ4 6YB,6
TQ4 6YD,6
TQ4 6YE,6
TQ4 6YG,6
TQ4 6YH,1
TQ4 6YJ,6
TQ4 6YL,1
TQ4 6YN,6
TQ4 6YP,6
TQ4 6YQ,1
TQ4 6YR,1
TQ4 6YS,1
TQ4 6YT,1
TQ4 6YU,1
TQ4 6YW,1
TQ4 6YX,1
TQ4 6YY,1
TQ4 6ZG,1
TQ4 6ZN,1
TQ4 6ZQ,1
TQ4 6ZX,1
TQ4 7AA,6
TQ4 7AB,6
TQ4 7AD,6
TQ4 7AE,6
TQ4 7AF,6
TQ4 7AG,6
TQ4 7AH,6
TQ4 7AJ,6
TQ4 7AL,6
TQ4 7AN,7
TQ4 7AP,6
TQ4 7AQ,6
TQ4 7AR,6
TQ4 7AS,6
TQ4 7AT,3
TQ4 7AU,3
TQ4 7AW,6
TQ4 7AX,2
TQ4 7AY,3
TQ4 7AZ,3
TQ4 7BA,3
TQ4 7BB,3
TQ4 7BD,8
TQ4 7BE,3
TQ4 7BG,6
TQ4 7BH,9
TQ4 7BJ,3
TQ4 7BL,3
TQ4 7BN,3
TQ4 7BP,8
TQ4 7BQ,9
TQ4 7BR,3
TQ4 7BS,8
TQ4 7BT,8
TQ4 7BU,5
TQ4 7BW,3
TQ4 7BX,5
TQ4 7BY,8
TQ4 7BZ,8
TQ4 7DA,3
TQ4 7DB,3
TQ4 7DD,2
TQ4 7DE,2
TQ4 7DF,2
TQ4 7DG,3
TQ4 7DH,3
TQ4 7DJ,1
TQ4 7DL,3
TQ4 7DN,3
TQ4 7DP,5
TQ4 7DQ,3
TQ4 7DR,5
TQ4 7DS,5
TQ4 7DT,5
TQ4 7DU,5
TQ4 7DW,5
TQ4 7DX,5
TQ4 7DY,5
TQ4 7DZ,5
TQ4 7EA,5
TQ4 7EB,5
TQ4 7ED,5
TQ4 7EE,5
TQ4 7EF,8
TQ4 7EG,5
TQ4 7EH,5
TQ4 7EJ,3
TQ4 7EL,3
TQ4 7EN,3
TQ4 7EP,3
TQ4 7EQ,5
TQ4 7ER,3
TQ4 7ES,6
TQ4 7ET,5
TQ4 7EU,5
TQ4 7EW,3
TQ4 7EX,5
TQ4 7EY,5
TQ4 7EZ,5
TQ4 7FA,6
TQ4 7FB,6
TQ4 7FD,6
TQ4 7FE,3
TQ4 7FF,3
TQ4 7FG,3
TQ4 7FH,3
TQ4 7FJ,3
TQ4 7FL,3
TQ4 7FN,3
TQ4 7FP,3
TQ4 7FQ,3
TQ4 7FR,3
TQ4 7FS,3
TQ4 7FT,3
TQ4 7FU,3
TQ4 7FW,3
TQ4 7FX,3
TQ4 7FY,3
TQ4 7FZ,3
TQ4 7GA,3
TQ4 7GB,2
TQ4 7GD,2
TQ4 7GE,2
TQ4 7GF,2
TQ4 7GG,2
TQ4 7GH,2
TQ4 7GJ,2
TQ4 7GL,3
TQ4 7GN,3
TQ4 7GP,2
TQ4 7GQ,2
TQ4 7GR,3
TQ4 7GS,3
TQ4 7GT,3
TQ4 7GU,3
TQ4 7GW,2
TQ4 7GX,3
TQ4 7GY,3
TQ4 7GZ,3
TQ4 7HA,5
TQ4 7HB,3
TQ4 7HD,3
TQ4 7HE,3
TQ4 7HF,3
TQ4 7HG,3
TQ4 7HH,3
TQ4 7HJ,3
TQ4 7HL,3
TQ4 7HN,3
TQ4 7HP,3
TQ4 7HQ,3
TQ4 7HR,3
TQ4 7HS,3
TQ4 7HT,3
TQ4 7HU,3
TQ4 7HW,3
TQ4 7HX,7
TQ4 7HY,7
TQ4 7HZ,7
TQ4 7JA,6
TQ4 7JB,6
TQ4 7JD,6
TQ4 7JE,7
TQ4 7JF,6
TQ4 7JG,6
TQ4 7JH,6
TQ4 7JJ,6
TQ4 7JL,6
TQ4 7JN,6
TQ4 7JP,6
TQ4 7JQ,6
TQ4 7JR,6
TQ4 7JS,6
TQ4 7JT,6
TQ4 7JU,6
TQ4 7JW,6
TQ4 7JX,6
TQ4 7JY,6
TQ4 7JZ,6
TQ4 7LA,6
TQ4 7LB,7
TQ4 7LD,6
TQ4 7LE,6
TQ4 7LF,6
TQ4 7LG,7
TQ4 7LH,7
TQ4 7LJ,7
TQ4 7LL,2
TQ4 7LN,7
TQ4 7LP,7
TQ4 7LQ,7
TQ4 7LR,7
TQ4 7LS,7
TQ4 7LT,7
TQ4 7LU,7
TQ4 7LW,7
TQ4 7LX,7
TQ4 7LY,7
TQ4 7LZ,7
TQ4 7NA,7
TQ4 7NB,7
TQ4 7ND,7
TQ4 7NE,7
TQ4 7NF,7
TQ4 7NG,3
TQ4 7NH,9
TQ4 7NJ,7
TQ4 7NL,7
TQ4 7NN,7
TQ4 7NP,7
TQ4 7NQ,7
TQ4 7NR,7
TQ4 7NS,7
TQ4 7NT,9
TQ4 7NU,7
TQ4 7NW,9
TQ4 7NX,7
TQ4 7NY,7
TQ4 7NZ,7
TQ4 7PA,3
TQ4 7PB,3
TQ4 7PD,3
TQ4 7PE,3
TQ4 7PF,3
TQ4 7PG,3
TQ4 7PH,3
TQ4 7PJ,3
TQ4 7PL,3
TQ4 7PN,3
TQ4 7PP,2
TQ4 7PQ,3
TQ4 7PR,2
TQ4 7PS,2
TQ4 7PT,2
TQ4 7PU,2
TQ4 7PW,2
TQ4 7PX,2
TQ4 7PY,2
TQ4 7PZ,2
TQ4 7QA,3
TQ4 7QB,2
TQ4 7QD,1
TQ4 7QE,3
TQ4 7QF,3
TQ4 7QG,3
TQ4 7QH,6
TQ4 7QJ,3
TQ4 7QL,3
TQ4 7QN,3
TQ4 7QP,2
TQ4 7QQ,3
TQ4 7QR,3
TQ4 7QS,3
TQ4 7QT,3
TQ4 7QU,3
TQ4 7QW,3
TQ4 7QX,3
TQ4 7QY,3
TQ4 7QZ,3
TQ4 7RA,8
TQ4 7RB,8
TQ4 7RD,5
TQ4 7RE,3
TQ4 7RF,6
TQ4 7RG,8
TQ4 7RH,8
TQ4 7RJ,8
TQ4 7RL,8
TQ4 7RN,6
TQ4 7RP,8
TQ4 7RQ,8
TQ4 7RR,8
TQ4 7RS,8
TQ4 7RT,8
TQ4 7RU,8
TQ4 7RW,8
TQ4 7RX,6
TQ4 7RY,3
TQ4 7RZ,3
TQ4 7SA,7
TQ4 7SB,6
TQ4 7SD,6
TQ4 7SE,6
TQ4 7SF,3
TQ4 7SG,9
TQ4 7SH,7
TQ4 7SJ,9
TQ4 7SL,9
TQ4 7SN,9
TQ4 7SP,9
TQ4 7SQ,9
TQ4 7SR,9
TQ4 7SS,3
TQ4 7ST,6
TQ4 7SU,7
TQ4 7SW,9
TQ4 7SX,9
TQ4 7SY,3
TQ4 7SZ,8
TQ4 7TA,8
TQ4 7TB,5
TQ4 7TD,5
TQ4 7TE,8
TQ4 7TF,8
TQ4 7TG,3
TQ4 7TH,3
TQ4 7TJ,3
TQ4 7TL,3
TQ4 7TN,3
TQ4 7TP,3
TQ4 7TR,3
TQ4 7TT,3
TQ4 7TU,1
TQ4 7TW,3
TQ4 7TX,3
TQ4 7TY,3
TQ4 7WA,1
TQ4 7WB,1
TQ4 7WD,1
TQ4 7WG,1
TQ4 7WR,1
TQ4 7WS,1
TQ4 7WT,1
TQ4 7WU,1
TQ4 7WW,1
TQ4 7WX,1
TQ4 7WY,1
TQ4 7WZ,1
TQ4 7XA,1
TQ4 7XB,8
TQ4 7XD,1
TQ4 7XE,8
TQ4 7XF,3
TQ4 7XG,3
TQ4 7XN,1
TQ4 7XS,1
TQ4 7XT,1
TQ4 7XU,1
TQ4 7XW,1
TQ4 7XX,1
TQ4 7XY,1
TQ4 7XZ,1
TQ4 7YA,1
TQ4 7YB,1
TQ4 7YD,8
TQ4 7YE,1
TQ4 7YF,8
TQ4 7YG,1
TQ4 7YH,9
TQ4 7YJ,1
TQ4 7YL,8
TQ4 7YN,1
TQ4 7YP,1
TQ4 7YQ,9
TQ4 7YR,1
TQ4 7YS,9
TQ4 7YT,9
TQ4 7YU,9
TQ4 7YW,1
TQ4 7YX,8
TQ4 7YY,1
TQ4 7YZ,1
TQ4 7ZA,8
TQ4 7ZB,1
TQ4 7ZD,8
TQ4 7ZE,3
TQ4 7ZF,8
TQ4 7ZG,3
TQ4 7ZH,1
TQ4 7ZN,1
TQ4 7ZQ,1
TQ4 7ZU,1
TQ4 7ZX,1
TQ4 9AA,1
TQ4 9AB,1
TQ4 9AD,
TQ4 9AE,1
TQ4 9AF,1
TQ4 9AG,
TQ4 9AH,1
TQ4 9AJ,1
TQ4 9AL,1
TQ4 9AN,1
TQ4 9AP,1
TQ4 9AQ,1
TQ4 9AR,1
TQ4 9AS,1
TQ4 9AT,1
TQ4 9AU,1
TQ4 9AW,1
TQ4 9AX,1
TQ4 9AY,1
TQ4 9AZ,1
TQ4 9BB,1
TQ4 9BD,1
TQ4 9BE,1
TQ4 9BF,1
TQ4 9BG,1
TQ4 9BH,1
TQ4 9BJ,1
TQ4 9BL,1
TQ4 9BN,1
TQ4 9BP,1
TQ4 9BQ,1
TQ4 9BR,1
TQ4 9BS,1
TQ4 9BT,1
TQ4 9BU,1
TQ4 9BW,1
TQ4 9BX,1
TQ4 9BY,1
TQ4 9BZ,1
TQ4 9DA,1
TQ4 9DB,1
TQ4 9DD,1
TQ4 9DE,1
TQ4 9DF,1
TQ4 9DG,1
TQ4 9DH,1
TQ4 9DJ,1
TQ4 9DL,1
TQ4 9DN,1
TQ4 9DP,1
TQ4 9DQ,1
TQ4 9DR,1
TQ4 9DS,1
TQ4 9DT,1
TQ4 9DU,1
TQ4 9DW,1
TQ4 9DX,1
TQ4 9DY,1
TQ4 9DZ,1
TQ4 9EA,1
TQ4 9EB,1
TQ4 9ED,1
TQ4 9EE,1
TQ4 9EF,1
TQ5 0AA,6
TQ5 0AB,6
TQ5 0AD,6
TQ5 0AE,6
TQ5 0AF,6
TQ5 0AG,6
TQ5 0AH,6
TQ5 0AJ,5
TQ5 0AL,6
TQ5 0AN,6
TQ5 0AP,6
TQ5 0AQ,6
TQ5 0AR,6
TQ5 0AS,6
TQ5 0AT,6
TQ5 0AU,6
TQ5 0AW,6
TQ5 0AX,3
TQ5 0AY,3
TQ5 0AZ,3
TQ5 0BA,6
TQ5 0BB,3
TQ5 0BD,6
TQ5 0BE,3
TQ5 0BG,2
TQ5 0BH,6
TQ5 0BJ,5
TQ5 0BL,5
TQ5 0BN,3
TQ5 0BP,6
TQ5 0BQ,7
TQ5 0BS,4
TQ5 0BT,4
TQ5 0BU,6
TQ5 0BW,7
TQ5 0BX,6
TQ5 0BY,6
TQ5 0BZ,6
TQ5 0DA,6
TQ5 0DB,3
TQ5 0DD,6
TQ5 0DE,6
TQ5 0DF,6
TQ5 0DG,6
TQ5 0DH,3
TQ5 0DJ,6
TQ5 0DL,6
TQ5 0DN,6
TQ5 0DP,6
TQ5 0DQ,3
TQ5 0DR,6
TQ5 0DS,6
TQ5 0DT,6
TQ5 0DU,6
TQ5 0DW,6
TQ5 0DX,6
TQ5 0DY,3
TQ5 0DZ,3
TQ5 0EA,3
TQ5 0EB,6
TQ5 0ED,6
TQ5 0EE,6
TQ5 0EF,3
TQ5 0EG,6
TQ5 0EH,5
TQ5 0EJ,7
TQ5 0EL,7
TQ5 0EN,7
TQ5 0EP,5
TQ5 0EQ,3
TQ5 0ER,5
TQ5 0ES,5
TQ5 0ET,5
TQ5 0EU,7
TQ5 0EW,7
TQ5 0EX,5
TQ5 0EY,5
TQ5 0EZ,5
TQ5 0FA,3
TQ5 0FG,9
TQ5 0GA,5
TQ5 0GB,5
TQ5 0GD,5
TQ5 0HA,5
TQ5 0HB,5
TQ5 0HD,5
TQ5 0HE,5
TQ5 0HF,5
TQ5 0HG,5
TQ5 0HH,5
TQ5 0HJ,7
TQ5 0HL,2
TQ5 0HP,7
TQ5 0HQ,7
TQ5 0HR,7
TQ5 0HS,7
TQ5 0HT,7
TQ5 0HU,7
TQ5 0HW,7
TQ5 0HX,7
TQ5 0HY,7
TQ5 0HZ,7
TQ5 0JA,7
TQ5 0JB,7
TQ5 0JD,7
TQ5 0JE,9
TQ5 0JF,9
TQ5 0JG,9
TQ5 0JH,9
TQ5 0JJ,9
TQ5 0JL,9
TQ5 0JN,9
TQ5 0JP,9
TQ5 0JQ,9
TQ5 0JR,9
TQ5 0JS,9
TQ5 0JT,7
TQ5 0JU,9
TQ5 0JW,9
TQ5 0JX,9
TQ5 0JY,9
TQ5 0JZ,9
TQ5 0LA,9
TQ5 0LB,9
TQ5 0LD,7
TQ5 0LE,7
TQ5 0LF,7
TQ5 0LG,9
TQ5 0LH,7
TQ5 0LJ,7
TQ5 0LL,7
TQ5 0LN,7
TQ5 0LP,7
TQ5 0LQ,2
TQ5 0LR,7
TQ5 0LS,7
TQ5 0LT,7
TQ5 0LU,7
TQ5 0LW,7
TQ5 0LX,7
TQ5 0LY,7
TQ5 0LZ,7
TQ5 0NA,7
TQ5 0NB,7
TQ5 0ND,7
TQ5 0NE,7
TQ5 0NF,7
TQ5 0NG,7
TQ5 0NH,7
TQ5 0NJ,7
TQ5 0NL,7
TQ5 0NN,7
TQ5 0NP,7
TQ5 0NQ,7
TQ5 0NR,7
TQ5 0PA,7
TQ5 0PB,9
TQ5 0PD,7
TQ5 0PE,7
TQ5 0PF,9
TQ5 0PG,9
TQ5 0PH,7
TQ5 0PJ,7
TQ5 0PL,7
TQ5 0PN,7
TQ5 0PP,7
TQ5 0PQ,7
TQ5 0PR,7
TQ5 0PS,7
TQ5 0PW,7
TQ5 0QA,9
TQ5 0RA,3
TQ5 0RB,3
TQ5 0RD,3
TQ5 0RE,3
TQ5 0RF,3
TQ5 0RG,3
TQ5 0RH,3
TQ5 0RJ,3
TQ5 0RL,3
TQ5 0RN,3
TQ5 0RQ,3
TQ5 0RX,3
TQ5 0RZ,3
TQ5 0SA,3
TQ5 0SB,3
TQ5 0SD,3
TQ5 0SE,3
TQ5 0SH,6
TQ5 0SJ,3
TQ5 0SQ,3
TQ5 0WA,3
TQ5 0WB,3
TQ5 0WD,2
TQ5 0WR,2
TQ5 0WS,2
TQ5 0WT,2
TQ5 0WU,2
TQ5 0WW,2
TQ5 0WX,3
TQ5 0WY,2
TQ5 0WZ,2
TQ5 0XN,2
TQ5 0XZ,2
TQ5 0YA,3
TQ5 0YB,2
TQ5 0YD,2
TQ5 0YE,7
TQ5 0YF,2
TQ5 0YG,2
TQ5 0YH,2
TQ5 0YJ,2
TQ5 0ZN,2
TQ5 0ZQ,2
TQ5 5AA,2
TQ5 5AB,2
TQ5 5AD,2
TQ5 5AE,2
TQ5 5AF,2
TQ5 5AG,2
TQ5 5AH,2
TQ5 5AJ,2
TQ5 5AL,2
TQ5 5AN,2
TQ5 5AP,2
TQ5 5AQ,2
TQ5 5AR,2
TQ5 5AS,2
TQ5 5AT,2
TQ5 5AU,2
TQ5 5AW,2
TQ5 5AX,2
TQ5 5AY,2
TQ5 5AZ,2
TQ5 5BA,2
TQ5 5BB,2
TQ5 5BD,2
TQ5 5BE,2
TQ5 5BF,2
TQ5 5BG,2
TQ5 5BH,2
TQ5 5BJ,2
TQ5 5BL,2
TQ5 5BN,2
TQ5 5BP,2
TQ5 5BQ,2
TQ5 5BR,2
TQ5 8AA,2
TQ5 8AB,2
TQ5 8AD,2
TQ5 8AE,2
TQ5 8AF,2
TQ5 8AG,2
TQ5 8AH,2
TQ5 8AJ,2
TQ5 8AL,2
TQ5 8AN,2
TQ5 8AP,3
TQ5 8AQ,2
TQ5 8AR,3
TQ5 8AS,3
TQ5 8AT,3
TQ5 8AU,3
TQ5 8AW,2
TQ5 8AX,3
TQ5 8AY,3
TQ5 8AZ,2
TQ5 8BA,3
TQ5 8BB,3
TQ5 8BD,3
TQ5 8BE,5
TQ5 8BG,3
TQ5 8BH,5
TQ5 8BJ,3
TQ5 8BL,5
TQ5 8BN,3
TQ5 8BP,3
TQ5 8BQ,3
TQ5 8BS,4
TQ5 8BT,2
TQ5 8BU,5
TQ5 8BW,3
TQ5 8BX,5
TQ5 8BY,6
TQ5 8BZ,6
TQ5 8DA,6
TQ5 8DB,6
TQ5 8DD,6
TQ5 8DE,6
TQ5 8DF,6
TQ5 8DG,6
TQ5 8DH,6
TQ5 8DJ,6
TQ5 8DL,6
TQ5 8DN,6
TQ5 8DP,6
TQ5 8DQ,6
TQ5 8DS,2
TQ5 8DT,2
TQ5 8DX,2
TQ5 8DY,2
TQ5 8DZ,2
TQ5 8EA,2
TQ5 8EB,2
TQ5 8ED,2
TQ5 8EE,2
TQ5 8EF,2
TQ5 8EG,2
TQ5 8EH,2
TQ5 8EJ,2
TQ5 8EL,2
TQ5 8EP,3
TQ5 8EQ,2
TQ5 8ER,2
TQ5 8ES,3
TQ5 8ET,3
TQ5 8EU,3
TQ5 8EW,2
TQ5 8EX,2
TQ5 8EY,3
TQ5 8EZ,3
TQ5 8GA,3
TQ5 8HA,3
TQ5 8HB,3
TQ5 8HD,3
TQ5 8HE,4
TQ5 8HF,3
TQ5 8HG,3
TQ5 8HH,2
TQ5 8HJ,3
TQ5 8HL,2
TQ5 8HN,3
TQ5 8HP,3
TQ5 8HQ,3
TQ5 8HR,3
TQ5 8HS,3
TQ5 8HT,3
TQ5 8HU,3
TQ5 8HW,3
TQ5 8HX,3
TQ5 8HY,3
TQ5 8HZ,3
TQ5 8JA,3
TQ5 8JB,3
TQ5 8JD,3
TQ5 8JE,3
TQ5 8JF,3
TQ5 8JG,3
TQ5 8JH,2
TQ5 8JJ,2
TQ5 8JL,2
TQ5 8JN,6
TQ5 8JP,6
TQ5 8JQ,3
TQ5 8JR,6
TQ5 8JS,6
TQ5 8JT,6
TQ5 8JU,6
TQ5 8JW,6
TQ5 8JX,5
TQ5 8JY,5
TQ5 8JZ,5
TQ5 8LA,5
TQ5 8LB,5
TQ5 8LD,5
TQ5 8LE,5
TQ5 8LF,5
TQ5 8LG,5
TQ5 8LH,5
TQ5 8LJ,5
TQ5 8LL,5
TQ5 8LN,5
TQ5 8LP,6
TQ5 8LQ,5
TQ5 8LR,6
TQ5 8LS,6
TQ5 8LT,4
TQ5 8LU,4
TQ5 8LW,6
TQ5 8LX,2
TQ5 8LY,3
TQ5 8LZ,2
TQ5 8NA,4
TQ5 8NB,4
TQ5 8ND,4
TQ5 8NE,4
TQ5 8NF,4
TQ5 8NG,4
TQ5 8NH,4
TQ5 8NJ,4
TQ5 8NL,4
TQ5 8NN,4
TQ5 8NP,4
TQ5 8NQ,4
TQ5 8NR,4
TQ5 8NS,4
TQ5 8NT,6
TQ5 8NU,5
TQ5 8NW,4
TQ5 8NX,4
TQ5 8NY,4
TQ5 8NZ,6
TQ5 8PA,6
TQ5 8PB,4
TQ5 8PD,4
TQ5 8PG,6
TQ5 8PH,6
TQ5 8PJ,6
TQ5 8PL,6
TQ5 8PN,6
TQ5 8PP,6
TQ5 8PQ,6
TQ5 8PR,6
TQ5 8PS,6
TQ5 8PT,6
TQ5 8PU,6
TQ5 8PW,6
TQ5 8PX,6
TQ5 8PY,6
TQ5 8PZ,6
TQ5 8QA,6
TQ5 8QB,6
TQ5 8QD,6
TQ5 8QE,6
TQ5 8QF,6
TQ5 8QG,6
TQ5 8QH,2
TQ5 8QJ,4
TQ5 8QL,3
TQ5 8QN,3
TQ5 8QP,3
TQ5 8QQ,6
TQ5 8QR,5
TQ5 8QT,3
TQ5 8QU,5
TQ5 8QW,5
TQ5 8QX,3
TQ5 8QY,3
TQ5 8QZ,5
TQ5 8RA,5
TQ5 8RB,5
TQ5 8RD,5
TQ5 8RE,5
TQ5 8RF,5
TQ5 8RG,5
TQ5 8RH,5
TQ5 8RJ,5
TQ5 8RL,4
TQ5 8RN,4
TQ5 8RP,4
TQ5 8RQ,5
TQ5 8RR,3
TQ5 8RS,6
TQ5 8RT,6
TQ5 8RU,5
TQ5 8RW,4
TQ5 8RX,4
TQ5 8RY,5
TQ5 8SG,3
TQ5 8SQ,3
TQ5 8TA,2
TQ5 8TB,3
TQ5 8TQ,2
TQ5 8UA,5
TQ5 8WA,5
TQ5 8WG,5
TQ5 8WW,2
TQ5 8WX,2
TQ5 8WY,2
TQ5 8WZ,2
TQ5 8XW,2
TQ5 8XY,2
TQ5 8XZ,2
TQ5 8YA,5
TQ5 8YB,4
TQ5 8YD,5
TQ5 8YE,2
TQ5 8YG,5
TQ5 8YH,5
TQ5 8YJ,4
TQ5 8YL,2
TQ5 8YN,4
TQ5 8YP,2
TQ5 8YQ,4
TQ5 8YR,4
TQ5 8YS,4
TQ5 8YT,4
TQ5 8YU,2
TQ5 8YW,2
TQ5 8ZJ,2
TQ5 8ZW,2
TQ5 8ZX,2
TQ5 9AA,6
TQ5 9AB,6
TQ5 9AD,3
TQ5 9AE,6
TQ5 9AF,6
TQ5 9AG,6
TQ5 9AH,6
TQ5 9AJ,6
TQ5 9AL,6
TQ5 9AN,6
TQ5 9AP,4
TQ5 9AQ,6
TQ5 9AR,6
TQ5 9AS,6
TQ5 9AT,6
TQ5 9AU,6
TQ5 9AW,4
TQ5 9AX,6
TQ5 9AY,6
TQ5 9AZ,6
TQ5 9BA,2
TQ5 9BB,6
TQ5 9BD,6
TQ5 9BE,6
TQ5 9BG,6
TQ5 9BH,6
TQ5 9BJ,6
TQ5 9BL,6
TQ5 9BN,6
TQ5 9BP,6
TQ5 9BQ,6
TQ5 9BR,4
TQ5 9BS,6
TQ5 9BT,2
TQ5 9BU,4
TQ5 9BW,6
TQ5 9BX,4
TQ5 9BY,2
TQ5 9BZ,2
TQ5 9DA,2
TQ5 9DB,2
TQ5 9DD,6
TQ5 9DE,2
TQ5 9DF,4
TQ5 9DG,2
TQ5 9DH,2
TQ5 9DJ,2
TQ5 9DL,2
TQ5 9DN,2
TQ5 9DP,2
TQ5 9DQ,2
TQ5 9DR,2
TQ5 9DS,2
TQ5 9DT,2
TQ5 9DU,2
TQ5 9DW,2
TQ5 9DX,2
TQ5 9DY,4
TQ5 9DZ,4
TQ5 9EA,4
TQ5 9EB,4
TQ5 9ED,4
TQ5 9EE,4
TQ5 9EF,4
TQ5 9EG,4
TQ5 9EH,4
TQ5 9EJ,4
TQ5 9EL,4
TQ5 9EN,4
TQ5 9EP,4
TQ5 9EQ,4
TQ5 9ER,4
TQ5 9ES,4
TQ5 9ET,4
TQ5 9EU,4
TQ5 9EW,4
TQ5 9EX,4
TQ5 9EY,6
TQ5 9EZ,6
TQ5 9FA,4
TQ5 9FB,4
TQ5 9FD,3
TQ5 9FE,4
TQ5 9FF,4
TQ5 9FG,2
TQ5 9FH,4
TQ5 9FJ,4
TQ5 9FL,6
TQ5 9FN,6
TQ5 9FP,6
TQ5 9FQ,6
TQ5 9FR,6
TQ5 9FT,6
TQ5 9FU,4
TQ5 9FW,2
TQ5 9GQ,4
TQ5 9GR,4
TQ5 9GS,4
TQ5 9GT,4
TQ5 9GU,4
TQ5 9GW,4
TQ5 9GX,4
TQ5 9GY,4
TQ5 9GZ,4
TQ5 9HA,6
TQ5 9HB,6
TQ5 9HD,4
TQ5 9HE,6
TQ5 9HF,6
TQ5 9HG,4
TQ5 9HH,4
TQ5 9HJ,4
TQ5 9HL,2
TQ5 9HN,3
TQ5 9HP,3
TQ5 9HQ,4
TQ5 9HR,3
TQ5 9HS,3
TQ5 9HT,3
TQ5 9HU,2
TQ5 9HW,4
TQ5 9HX,4
TQ5 9HY,2
TQ5 9HZ,3
TQ5 9JA,3
TQ5 9JB,3
TQ5 9JD,3
TQ5 9JE,4
TQ5 9JF,4
TQ5 9JG,4
TQ5 9JH,4
TQ5 9JJ,6
TQ5 9JL,4
TQ5 9JN,4
TQ5 9JP,4
TQ5 9JQ,6
TQ5 9JR,4
TQ5 9JS,4
TQ5 9JT,3
TQ5 9JU,3
TQ5 9JW,4
TQ5 9JX,3
TQ5 9JY,3
TQ5 9JZ,3
TQ5 9LA,3
TQ5 9LB,3
TQ5 9LD,6
TQ5 9LE,6
TQ5 9LF,6
TQ5 9LG,6
TQ5 9LH,6
TQ5 9LJ,6
TQ5 9LL,6
TQ5 9LN,6
TQ5 9LP,3
TQ5 9LQ,6
TQ5 9LR,3
TQ5 9LS,6
TQ5 9LT,6
TQ5 9LU,6
TQ5 9LW,3
TQ5 9LX,6
TQ5 9LY,6
TQ5 9LZ,6
TQ5 9NA,6
TQ5 9NB,6
TQ5 9ND,6
TQ5 9NE,6
TQ5 9NF,6
TQ5 9NG,6
TQ5 9NH,6
TQ5 9NJ,6
TQ5 9NL,6
TQ5 9NN,3
TQ5 9NP,3
TQ5 9NQ,6
TQ5 9NR,4
TQ5 9NS,3
TQ5 9NT,3
TQ5 9NU,3
TQ5 9NW,3
TQ5 9NX,4
TQ5 9NY,4
TQ5 9NZ,4
TQ5 9PA,4
TQ5 9PB,4
TQ5 9PD,4
TQ5 9PE,4
TQ5 9PF,4
TQ5 9PG,4
TQ5 9PH,4
TQ5 9PJ,4
TQ5 9PL,4
TQ5 9PN,4
TQ5 9PP,4
TQ5 9PQ,4
TQ5 9PR,4
TQ5 9PS,4
TQ5 9PT,4
TQ5 9PU,3
TQ5 9PW,4
TQ5 9PX,3
TQ5 9PY,3
TQ5 9PZ,3
TQ5 9QA,3
TQ5 9QB,3
TQ5 9QD,3
TQ5 9QE,4
TQ5 9QF,4
TQ5 9QG,4
TQ5 9QH,4
TQ5 9QJ,2
TQ5 9QL,3
TQ5 9QN,4
TQ5 9QP,4
TQ5 9QQ,4
TQ5 9QR,4
TQ5 9QS,4
TQ5 9QT,4
TQ5 9QU,6
TQ5 9QW,4
TQ5 9QX,6
TQ5 9QY,6
TQ5 9QZ,6
TQ5 9RA,4
TQ5 9RB,4
TQ5 9RD,4
TQ5 9RE,4
TQ5 9RF,4
TQ5 9RG,4
TQ5 9RH,3
TQ5 9RJ,4
TQ5 9RL,4
TQ5 9RN,4
TQ5 9RP,2
TQ5 9RQ,4
TQ5 9RR,2
TQ5 9RS,2
TQ5 9RT,2
TQ5 9RU,2
TQ5 9RW,4
TQ5 9RX,2
TQ5 9RY,2
TQ5 9RZ,2
TQ5 9SA,4
TQ5 9SB,2
TQ5 9SD,4
TQ5 9SE,4
TQ5 9SF,2
TQ5 9SG,4
TQ5 9SH,4
TQ5 9SJ,4
TQ5 9SL,4
TQ5 9SN,4
TQ5 9SP,4
TQ5 9SQ,4
TQ5 9SR,4
TQ5 9SS,2
TQ5 9ST,4
TQ5 9SU,4
TQ5 9SW,4
TQ5 9SX,4
TQ5 9SY,2
TQ5 9SZ,2
TQ5 9TA,6
TQ5 9TB,6
TQ5 9TD,6
TQ5 9TE,2
TQ5 9TF,2
TQ5 9TG,6
TQ5 9TH,2
TQ5 9TJ,2
TQ5 9TL,2
TQ5 9TN,2
TQ5 9TP,2
TQ5 9TQ,6
TQ5 9TR,2
TQ5 9TS,2
TQ5 9TT,2
TQ5 9TU,2
TQ5 9TW,2
TQ5 9TX,2
TQ5 9TY,2
TQ5 9TZ,2
TQ5 9UA,4
TQ5 9UB,2
TQ5 9UD,4
TQ5 9UE,6
TQ5 9UF,6
TQ5 9UG,6
TQ5 9UH,6
TQ5 9UJ,6
TQ5 9UL,6
TQ5 9UN,6
TQ5 9UP,6
TQ5 9UQ,6
TQ5 9UR,6
TQ5 9US,6
TQ5 9UT,6
TQ5 9UU,2
TQ5 9UW,6
TQ5 9UX,2
TQ5 9UY,2
TQ5 9WA,2
TQ5 9WB,2
TQ5 9WD,2
TQ5 9WP,2
TQ5 9WQ,2
TQ5 9WR,2
TQ5 9WS,2
TQ5 9WT,2
TQ5 9WU,2
TQ5 9WW,2
TQ5 9WX,2
TQ5 9WY,2
TQ5 9WZ,2
TQ5 9XN,2
TQ5 9XP,4
TQ5 9XR,4
TQ5 9XT,4
TQ5 9XX,4
TQ5 9XY,4
TQ5 9YA,2
TQ5 9YB,2
TQ5 9YD,4
TQ5 9YE,4
TQ5 9YF,4
TQ5 9YG,4
TQ5 9YH,4
TQ5 9YJ,4
TQ5 9YL,2
TQ5 9YN,2
TQ5 9YP,4
TQ5 9YQ,4
TQ5 9YR,2
TQ5 9YS,2
TQ5 9YT,2
TQ5 9YZ,2
TQ5 9ZN,2
TQ5 9ZX,2
TQ6 0AA,5
TQ6 0AB,5
TQ6 0AD,5
TQ6 0AE,5
TQ6 0AG,5
TQ6 0AH,5
TQ6 0AJ,5
TQ6 0AL,5
TQ6 0AN,5
TQ6 0AP,5
TQ6 0AQ,5
TQ6 0AR,5
TQ6 0AS,5
TQ6 0AT,5
TQ6 0AU,5
TQ6 0AW,5
TQ6 0AX,5
TQ6 0AY,5
TQ6 0AZ,5
TQ6 0BA,5
TQ6 0BB,5
TQ6 0BD,5
TQ6 0BE,5
TQ6 0BG,5
TQ6 0BH,5
TQ6 0BJ,5
TQ6 0BL,5
TQ6 0BN,5
TQ6 0BP,5
TQ6 0BQ,5
TQ6 0BS,5
TQ6 0BT,5
TQ6 0BU,5
TQ6 0BW,9
TQ6 0BX,5
TQ6 0BY,5
TQ6 0BZ,5
TQ6 0DA,5
TQ6 0DB,5
TQ6 0DD,5
TQ6 0DE,5
TQ6 0DF,5
TQ6 0DG,5
TQ6 0DH,5
TQ6 0DJ,5
TQ6 0DL,5
TQ6 0DN,5
TQ6 0DP,5
TQ6 0DQ,5
TQ6 0DR,5
TQ6 0DS,5
TQ6 0DT,5
TQ6 0DU,5
TQ6 0DW,5
TQ6 0DX,5
TQ6 0DY,5
TQ6 0DZ,5
TQ6 0EA,5
TQ6 0EB,6
TQ6 0ED,5
TQ6 0EE,5
TQ6 0EF,5
TQ6 0EG,5
TQ6 0EH,5
TQ6 0EJ,5
TQ6 0EL,5
TQ6 0EN,6
TQ6 0EP,5
TQ6 0EQ,5
TQ6 0ER,6
TQ6 0ES,6
TQ6 0ET,6
TQ6 0EU,6
TQ6 0EW,6
TQ6 0EX,6
TQ6 0EY,6
TQ6 0EZ,6
TQ6 0FA,6
TQ6 0FD,6
TQ6 0FE,6
TQ6 0FG,6
TQ6 0FH,6
TQ6 0FJ,6
TQ6 0HA,6
TQ6 0HB,6
TQ6 0HD,6
TQ6 0HE,6
TQ6 0HJ,6
TQ6 0HL,6
TQ6 0HN,6
TQ6 0HP,6
TQ6 0HR,6
TQ6 0HS,6
TQ6 0HT,6
TQ6 0HU,6
TQ6 0HW,6
TQ6 0HX,6
TQ6 0HY,6
TQ6 0HZ,6
TQ6 0JA,6
TQ6 0JB,6
TQ6 0JD,6
TQ6 0JE,6
TQ6 0JF,6
TQ6 0JG,6
TQ6 0JH,6
TQ6 0JJ,3
TQ6 0JL,9
TQ6 0JN,9
TQ6 0JP,9
TQ6 0JQ,6
TQ6 0JR,6
TQ6 0JS,9
TQ6 0JT,9
TQ6 0JU,9
TQ6 0JW,9
TQ6 0JX,6
TQ6 0JZ,9
TQ6 0LA,9
TQ6 0LB,6
TQ6 0LD,6
TQ6 0LE,6
TQ6 0LF,6
TQ6 0LG,6
TQ6 0LH,6
TQ6 0LJ,6
TQ6 0LL,6
TQ6 0LN,6
TQ6 0LP,6
TQ6 0LQ,6
TQ6 0LR,6
TQ6 0LS,6
TQ6 0LT,6
TQ6 0LU,6
TQ6 0LW,6
TQ6 0LX,6
TQ6 0LY,6
TQ6 0LZ,6
TQ6 0NA,6
TQ6 0NB,6
TQ6 0ND,6
TQ6 0NE,6
TQ6 0NF,6
TQ6 0NG,6
TQ6 0NH,6
TQ6 0NJ,6
TQ6 0NL,6
TQ6 0NN,6
TQ6 0NP,6
TQ6 0NQ,6
TQ6 0NR,6
TQ6 0NS,6
TQ6 0NT,6
TQ6 0NU,6
TQ6 0NW,6
TQ6 0NX,6
TQ6 0NY,6
TQ6 0NZ,6
TQ6 0PA,6
TQ6 0PB,6
TQ6 0PD,6
TQ6 0PE,6
TQ6 0PF,6
TQ6 0PG,6
TQ6 0PH,6
TQ6 0PJ,6
TQ6 0PL,6
TQ6 0PN,6
TQ6 0PP,6
TQ6 0PQ,6
TQ6 0PR,6
TQ6 0PW,6
TQ6 0PX,6
TQ6 0PY,6
TQ6 0PZ,6
TQ6 0QA,6
TQ6 0QB,6
TQ6 0QD,6
TQ6 0QE,6
TQ6 0QF,6
TQ6 0QG,6
TQ6 0QH,6
TQ6 0QJ,6
TQ6 0QL,6
TQ6 0QN,6
TQ6 0QP,6
TQ6 0QQ,6
TQ6 0QR,6
TQ6 0QS,6
TQ6 0QT,6
TQ6 0QU,6
TQ6 0QW,6
TQ6 0QX,6
TQ6 0QY,6
TQ6 0QZ,6
TQ6 0RA,6
TQ6 0RB,6
TQ6 0RD,6
TQ6 0RE,6
TQ6 0RF,6
TQ6 0RG,6
TQ6 0RH,6
TQ6 0RJ,6
TQ6 0RL,6
TQ6 0RN,6
TQ6 0RP,6
TQ6 0RQ,6
TQ6 0RR,6
TQ6 0RS,6
TQ6 0RT,6
TQ6 0RU,6
TQ6 0RW,6
TQ6 0RX,6
TQ6 0RY,6
TQ6 0RZ,6
TQ6 0SA,6
TQ6 0SB,6
TQ7 3NB,6
TQ7 3ND,6
TQ7 3NE,6
TQ7 3NF,6
TQ7 3NG,6
TQ7 3NH,6
TQ7 3NJ,6
TQ7 3NL,6
TQ7 3NN,6
TQ7 3NP,6
TQ7 3NQ,6
TQ7 3NR,6
TQ7 3NS,6
TQ7 3NT,6
TQ7 3NU,6
TQ7 3NW,6
TQ7 3NX,6
TQ7 3NY,6
TQ7 3NZ,6
TQ7 3PA,6
TQ7 3PB,6
TQ7 3PD,6
TQ7 3PE,6
TQ7 3PF,6
TQ7 3PG,4
TQ7 3PH,4
TQ7 3PJ,4
TQ7 3PL,4
TQ7 3PN,4
TQ7 3PP,4
TQ7 3PQ,4
TQ7 3PR,4
TQ7 3PS,4
TQ7 3PT,4
TQ7 3PU,4
TQ7 3PW,4
TQ7 3PX,4
TQ7 3PY,4
TQ7 3PZ,4
TQ7 3QA,4
TQ7 3QB,4
TQ7 3QD,4
TQ7 3QE,4
TQ7 3QF,4
TQ7 3QG,4
TQ7 3QH,6
TQ7 3QJ,6
TQ7 3QN,6
TQ7 3QP,6
TQ7 3QQ,4
TQ7 3QR,6
TQ7 3QS,6
TQ7 3QT,6
TQ7 3QU,6
TQ7 3QW,6
TQ7 3QX,6
TQ7 3QY,6
TQ7 3QZ,6
TQ7 3RA,6
TQ7 3RB,6
TQ7 3RD,6
TQ7 3RE,6
TQ7 3RH,6
TQ7 3RJ,6
TQ7 3RL,6
TQ7 3RN,6
TQ7 3RP,6
TQ7 3RR,6
TQ7 3RS,6
TQ7 3RT,6
TQ7 3RU,6
TQ7 3RW,6
TQ7 3RX,6
TQ7 3RY,6
TQ7 3RZ,6
TQ7 3SA,6
TQ7 3SB,6
TQ7 3SD,6
TQ7 3SE,6
TQ7 3SF,6
TQ7 3SG,6
TQ7 3SH,6
TQ7 3SJ,6
TQ7 3SL,6
TQ7 3SN,6
TQ7 3SP,6
TQ7 3SQ,6
TQ7 3SR,6
TQ7 3SS,6
TQ7 3ST,6
TQ7 3SU,6
TQ7 3SW,6
TQ7 3SX,6
TQ7 3SY,6
TQ7 3TA,6
TQ7 3TB,6
TQ7 3TD,6
TQ7 3TE,6
TQ7 3TF,6
TQ7 3TH,6
TQ7 3TL,6
TQ7 3UX,6
TQ7 3WA,6
TQ7 3WB,7
TQ7 3WX,7
TQ7 3WY,7
TQ7 3WZ,7
TQ7 3XA,6
TQ7 3XB,6
TQ7 3YA,6
TQ7 3YB,7
TQ7 3YD,6
TQ7 3YE,6
TQ7 3YF,6
TQ7 3YG,7
TQ7 3YH,6
TQ7 3YJ,6
TQ7 3YL,6
TQ7 3YN,6
TQ7 3YP,7
TQ7 3YQ,6
TQ7 3YR,7
TQ7 3YS,7
TQ7 3ZW,7
TQ7 3ZX,7
TQ7 4AA,6
TQ7 4AB,6
TQ7 4AD,6
TQ7 4AE,6
TQ7 4AF,6
TQ7 4AG,6
TQ7 4AH,5
TQ7 4AJ,6
TQ7 4AL,5
TQ7 4AN,5
TQ7 4AP,5
TQ7 4AQ,6
TQ7 4AR,5
TQ7 4AS,5
TQ7 4AT,5
TQ7 4AU,5
TQ7 4AW,5
TQ7 4AX,5
TQ7 4AY,5
TQ7 4AZ,5
TQ7 4BA,5
TQ7 4BB,5
TQ7 4BD,5
TQ7 4BE,5
TQ7 4BG,5
TQ7 4BH,7
TQ7 4BJ,5
TQ7 4BL,6
TQ7 4BN,6
TQ7 4BP,6
TQ7 4BQ,6
TQ7 4BS,6
TQ7 4BT,6
TQ7 4BU,6
TQ7 4BW,6
TQ7 4BX,6
TQ7 4BY,6
TQ7 4BZ,6
TQ7 4DA,6
TQ7 4DB,6
TQ7 4DD,6
TQ7 4DE,6
TQ7 4DF,6
TQ7 4DG,6
TQ7 4DH,6
TQ7 4DJ,6
TQ7 4DL,6
TQ7 4DN,5
TQ7 4DP,6
TQ7 4DQ,6
TQ7 4DR,6
TQ7 4DS,6
TQ7 4DT,6
TQ7 4DU,6
TQ7 4DW,6
TQ7 4DX,6
TQ7 4DY,6
TQ7 4DZ,6
TQ7 4EA,6
TQ7 4EB,6
TQ7 4ED,6
TQ7 4EE,5
TQ7 4EF,6
TQ7 4EG,5
TQ7 4EH,5
TQ7 4EJ,5
TQ7 4EL,6
TQ7 4EN,5
TQ7 4EP,5
TQ7 4EQ,5
TQ7 4ER,5
TQ7 4ES,5
TQ7 4ET,5
TQ7 4EU,5
TQ7 4EX,5
TQ7 4EY,5
TQ7 4EZ,5
TQ7 4HA,5
TQ7 4HB,5
TQ7 4HD,5
TQ7 4HE,5
TQ7 4HF,5
TQ7 4HG,5
TQ7 4HH,5
TQ7 4HJ,5
TQ7 4HL,5
TQ7 4HN,5
TQ7 4HP,5
TQ7 4HQ,5
TQ7 4HR,5
TQ7 4HS,5
TQ7 4HT,5
TQ7 4HU,5
TQ7 4HW,5
TQ7 4HX,5
TQ7 4HY,5
TQ7 4HZ,5
TQ7 4JA,5
TQ7 4JB,5
TQ7 4JD,5
TQ7 4JE,5
TQ7 4JH,5
TQ7 4JJ,5
TQ7 4JL,5
TQ7 4JN,5
TQ7 4JP,5
TQ7 4JR,5
TQ7 4JS,5
TQ7 4JT,5
TQ7 4JU,5
TQ7 4JW,5
TQ7 4JX,5
TQ7 4JY,5
TQ7 4JZ,5
TQ7 4LA,5
TQ7 4LB,5
TQ7 4LD,5
TQ7 4LE,5
TQ7 4LF,5
TQ7 4LG,5
TQ7 4LH,5
TQ7 4LJ,5
TQ7 4LL,5
TQ7 4LN,5
TQ7 4LP,5
TQ7 4LQ,5
TQ7 4LR,5
TQ7 4LS,5
TQ7 4LT,5
TQ7 4LU,5
TQ7 4LW,5
TQ7 4LX,5
TQ7 4LY,5
TQ7 4NA,5
TQ7 4NB,5
TQ7 4ND,5
TQ7 4NE,5
TQ7 4NF,5
TQ7 4NG,5
TQ7 4NH,5
TQ7 4NJ,5
TQ7 4NL,5
TQ7 4NN,5
TQ7 4NP,5
TQ7 4NQ,5
TQ7 4NR,5
TQ7 4NS,5
TQ7 4NT,5
TQ7 4NU,5
TQ7 4NX,5
TQ7 4NY,6
TQ7 4NZ,6
TQ7 4PA,5
TQ7 4PB,5
TQ7 4PD,5
TQ7 4PE,6
TQ7 4PF,5
TQ7 4PH,5
TQ7 4PJ,5
TQ7 4PL,5
TQ7 4PN,5
TQ7 4PP,5
TQ7 4PR,5
TQ7 4PS,5
TQ7 4PT,5
TQ7 4PU,5
TQ7 4PW,5
TQ7 4PX,5
TQ7 4PY,5
TQ7 4PZ,5
TQ7 4QA,5
TQ7 4QB,5
TQ7 4QD,5
TQ7 4QE,5
TQ7 4QF,5
TQ7 4QG,6
TQ7 4QH,6
TQ7 4QJ,6
TQ7 4QL,6
TQ7 4QN,6
TQ7 4QP,6
TQ7 4QQ,6
TQ7 4QR,6
TQ7 4QS,6
TQ7 4QT,6
TQ7 4QU,6
TQ7 4QW,6
TQ7 4QX,6
TQ7 4QY,6
TQ7 4QZ,6
TQ7 4RA,6
TQ7 4RB,6
TQ7 4RD,6
TQ7 4RE,6
TQ7 4RF,6
TQ7 4RG,6
TQ7 4RH,6
TQ7 4RJ,6
TQ7 4RL,6
TQ7 4RN,6
TQ7 4RP,6
TQ7 4RQ,6
TQ7 4RR,6
TQ7 4RS,6
TQ7 4RT,6
TQ7 4RU,6
TQ7 4RW,6
TQ7 4RX,6
TQ7 4RY,6
TQ7 4RZ,6
TQ7 4SA,6
TQ7 4SB,6
TQ7 4SD,6
TQ7 4SE,6
TQ7 4SG,6
TQ7 4SH,6
TQ7 4SJ,6
TQ7 4SL,6
TQ7 4SQ,5
TQ7 4WA,7
TQ7 4WG,7
TQ7 4WJ,7
TQ7 4WY,7
TQ7 4WZ,7
TQ7 4XJ,7
TQ7 4XZ,7
TQ7 4YA,6
TQ7 4YB,6
TQ7 4YD,6
TQ7 4YE,5
TQ7 4YF,5
TQ7 4YG,6
TQ7 4YH,5
TQ7 4YJ,7
TQ7 4YL,7
TQ7 4YN,5
TQ7 4YP,7
TQ7 4ZX,7
TQ7 9AA,7
TQ7 9AB,7
TQ7 9AD,7
TQ7 9AE,7
TQ7 9AF,7
TQ7 9AG,7
TQ7 9AH,7
TQ7 9AJ,7
TQ7 9AL,7
TQ7 9AN,7
TQ7 9AP,7
TQ7 9AQ,7
TQ7 9AR,7
TQ7 9AS,7
TQ7 9AT,7
TQ7 9AU,7
TQ7 9AW,7
TQ7 9AX,7
TQ7 9AY,7
TQ7 9AZ,7
TQ7 9BA,7
TQ7 9BD,7
TQ7 9BE,7
TQ7 9BF,7
TQ7 9BG,7
TQ7 9BH,7
TQ7 9BJ,7
TQ7 9BL,7
TQ8 8AA,9
TQ8 8AB,9
TQ8 8AD,9
TQ8 8AE,6
TQ8 8AF,9
TQ8 8AG,6
TQ8 8AH,9
TQ8 8AJ,9
TQ8 8AL,9
TQ8 8AN,9
TQ8 8AP,9
TQ8 8AQ,6
TQ8 8AR,9
TQ8 8AS,9
TQ8 8AT,9
TQ8 8AU,9
TQ8 8AW,9
TQ8 8AX,9
TQ8 8AY,9
TQ8 8AZ,9
TQ8 8BA,9
TQ8 8BB,9
TQ8 8BD,9
TQ8 8BE,9
TQ8 8BG,9
TQ8 8BH,9
TQ8 8BJ,9
TQ8 8BL,9
TQ8 8BN,9
TQ8 8BP,9
TQ8 8BQ,9
TQ8 8BS,9
TQ8 8BT,9
TQ8 8BU,9
TQ8 8BW,6
TQ8 8BX,9
TQ8 8BY,9
TQ8 8BZ,9
TQ8 8DA,9
TQ8 8DB,9
TQ8 8DD,9
TQ8 8DE,9
TQ8 8DF,9
TQ8 8DG,9
TQ8 8DH,9
TQ8 8DJ,9
TQ8 8DL,9
TQ8 8DN,9
TQ8 8DP,9
TQ8 8DQ,9
TQ8 8DR,9
TQ8 8DS,9
TQ8 8DT,9
TQ8 8DU,9
TQ8 8DW,9
TQ8 8DX,9
TQ8 8DY,9
TQ8 8DZ,9
TQ8 8EA,6
TQ8 8EB,6
TQ8 8ED,6
TQ8 8EE,6
TQ8 8EF,6
TQ8 8EG,6
TQ8 8EH,9
TQ8 8EJ,9
TQ8 8EL,6
TQ8 8EN,9
TQ8 8EP,9
TQ8 8EQ,9
TQ8 8ER,9
TQ8 8ES,9
TQ8 8ET,9
TQ8 8EU,9
TQ8 8EW,7
TQ8 8EX,9
TQ8 8EY,9
TQ8 8EZ,9
TQ8 8FA,5
TQ8 8FB,6
TQ8 8FD,5
TQ8 8FE,9
TQ8 8FF,6
TQ8 8FG,6
TQ8 8FH,6
TQ8 8FJ,6
TQ8 8FL,6
TQ8 8FN,9
TQ8 8FP,6
TQ8 8GA,9
TQ8 8GY,9
TQ8 8GZ,9
TQ8 8HA,9
TQ8 8HB,9
TQ8 8HD,9
TQ8 8HE,9
TQ8 8HF,9
TQ8 8HG,9
TQ8 8HH,9
TQ8 8HJ,9
TQ8 8HL,9
TQ8 8HN,9
TQ8 8HP,9
TQ8 8HQ,9
TQ8 8HR,9
TQ8 8HS,9
TQ8 8HT,9
TQ8 8HU,9
TQ8 8HW,9
TQ8 8HX,9
TQ8 8HY,9
TQ8 8HZ,9
TQ8 8JA,9
TQ8 8JB,9
TQ8 8JD,9
TQ8 8JE,9
TQ8 8JF,9
TQ8 8JG,9
TQ8 8JH,9
TQ8 8JJ,9
TQ8 8JL,9
TQ8 8JN,9
TQ8 8JP,9
TQ8 8JQ,9
TQ8 8JR,9
TQ8 8JS,9
TQ8 8JT,9
TQ8 8JU,9
TQ8 8JW,9
TQ8 8JX,9
TQ8 8JY,9
TQ8 8JZ,9
TQ8 8LA,9
TQ8 8LB,7
TQ8 8LD,9
TQ8 8LE,9
TQ8 8LF,9
TQ8 8LG,9
TQ8 8LH,9
TQ8 8LJ,9
TQ8 8LL,9
TQ8 8LN,9
TQ8 8LP,9
TQ8 8LQ,9
TQ8 8LU,9
TQ8 8LW,9
TQ8 8LX,9
TQ8 8LY,9
TQ8 8LZ,6
TQ8 8NA,6
TQ8 8NB,6
TQ8 8ND,6
TQ8 8NE,6
TQ8 8NF,6
TQ8 8NG,6
TQ8 8NH,6
TQ8 8NJ,6
TQ8 8NL,6
TQ8 8NN,6
TQ8 8NP,6
TQ8 8NQ,6
TQ8 8NR,6
TQ8 8NS,6
TQ8 8NT,6
TQ8 8NU,9
TQ8 8NW,6
TQ8 8NX,9
TQ8 8NY,9
TQ8 8NZ,9
TQ8 8PA,5
TQ8 8PB,5
TQ8 8PD,5
TQ8 8PE,5
TQ8 8PF,5
TQ8 8PG,5
TQ8 8PH,5
TQ8 8PJ,5
TQ8 8PL,5
TQ8 8PN,5
TQ8 8PQ,5
TQ8 8PU,5
TQ8 8PW,5
TQ8 8QA,6
TQ8 8QB,9
TQ8 8QD,9
TQ8 8QE,9
TQ8 8QH,9
TQ8 8QJ,6
TQ8 8QL,6
TQ8 8QN,6
TQ8 8QT,9
TQ8 8WP,9
TQ8 8WQ,7
TQ8 8WR,7
TQ8 8WS,7
TQ8 8WT,7
TQ8 8WU,7
TQ8 8WW,7
TQ8 8WX,7
TQ8 8WY,7
TQ8 8WZ,7
TQ8 8YA,9
TQ8 8YB,9
TQ8 8YD,9
TQ8 8YE,7
TQ8 8YF,7
TQ8 8YQ,9
TQ8 8YS,7
TQ8 8YX,7
TQ8 8YY,9
TQ8 8YZ,6
TQ8 8ZU,7
TQ8 8ZX,7
TQ9 5AA,4
TQ9 5AB,4
TQ9 5AD,4
TQ9 5AE,4
TQ9 5AF,4
TQ9 5AG,4
TQ9 5AH,4
TQ9 5AJ,4
TQ9 5AL,4
TQ9 5AN,4
TQ9 5AP,4
TQ9 5AQ,4
TQ9 5AR,4
TQ9 5AS,6
TQ9 5AT,4
TQ9 5AU,6
TQ9 5AW,4
TQ9 5AX,4
TQ9 5AY,4
TQ9 5AZ,6
TQ9 5BA,6
TQ9 5BB,4
TQ9 5BD,4
TQ9 5BE,4
TQ9 5BG,4
TQ9 5BH,6
TQ9 5BJ,6
TQ9 5BL,4
TQ9 5BN,6
TQ9 5BP,4
TQ9 5BQ,4
TQ9 5BS,4
TQ9 5BT,4
TQ9 5BU,4
TQ9 5BW,4
TQ9 5BX,6
TQ9 5BY,4
TQ9 5BZ,4
TQ9 5DA,4
TQ9 5DB,4
TQ9 5DD,4
TQ9 5DE,4
TQ9 5DF,4
TQ9 5DG,4
TQ9 5DH,4
TQ9 5DJ,4
TQ9 5DL,4
TQ9 5DN,4
TQ9 5DP,4
TQ9 5DQ,5
TQ9 5DR,4
TQ9 5DS,5
TQ9 5DT,5
TQ9 5DU,4
TQ9 5DW,4
TQ9 5DX,4
TQ9 5DY,4
TQ9 5DZ,4
TQ9 5EA,4
TQ9 5EB,4
TQ9 5ED,4
TQ9 5EE,4
TQ9 5EF,4
TQ9 5EG,4
TQ9 5EH,4
TQ9 5EJ,4
TQ9 5EL,4
TQ9 5EN,4
TQ9 5EP,4
TQ9 5EQ,4
TQ9 5ER,4
TQ9 5ES,4
TQ9 5ET,4
TQ9 5EU,4
TQ9 5EW,4
TQ9 5EX,4
TQ9 5EY,4
TQ9 5EZ,4
TQ9 5FA,5
TQ9 5FB,5
TQ9 5FD,5
TQ9 5FE,5
TQ9 5FF,5
TQ9 5FG,5
TQ9 5FH,5
TQ9 5FJ,5
TQ9 5FL,5
TQ9 5FN,4
TQ9 5FP,5
TQ9 5FQ,5
TQ9 5FR,5
TQ9 5FS,4
TQ9 5FT,5
TQ9 5FW,5
TQ9 5FX,5
TQ9 5FY,4
TQ9 5FZ,4
TQ9 5GA,6
TQ9 5GB,5
TQ9 5GD,4
TQ9 5GE,4
TQ9 5GF,4
TQ9 5GG,4
TQ9 5GH,4
TQ9 5GJ,4
TQ9 5GL,4
TQ9 5GN,4
TQ9 5GP,4
TQ9 5GQ,4
TQ9 5GR,4
TQ9 5GS,4
TQ9 5GT,4
TQ9 5GU,4
TQ9 5GW,4
TQ9 5GX,4
TQ9 5GY,4
TQ9 5GZ,4
TQ9 5HA,4
TQ9 5HB,4
TQ9 5HD,4
TQ9 5HE,4
TQ9 5HF,4
TQ9 5HG,4
TQ9 5HH,4
TQ9 5HJ,4
TQ9 5HL,4
TQ9 5HN,4
TQ9 5HP,4
TQ9 5HQ,4
TQ9 5HR,4
TQ9 5HS,4
TQ9 5HT,4
TQ9 5HU,4
TQ9 5HW,4
TQ9 5HX,4
TQ9 5HY,4
TQ9 5HZ,4
TQ9 5JA,4
TQ9 5JB,4
TQ9 5JD,4
TQ9 5JE,4
TQ9 5JF,4
TQ9 5JG,4
TQ9 5JH,4
TQ9 5JJ,4
TQ9 5JL,4
TQ9 5JN,4
TQ9 5JP,4
TQ9 5JQ,4
TQ9 5JR,4
TQ9 5JS,4
TQ9 5JT,4
TQ9 5JU,4
TQ9 5JW,4
TQ9 5JX,4
TQ9 5JY,4
TQ9 5JZ,4
TQ9 5LA,4
TQ9 5LB,4
TQ9 5LD,4
TQ9 5LE,4
TQ9 5LF,4
TQ9 5LG,4
TQ9 5LH,4
TQ9 5LJ,5
TQ9 5LL,4
TQ9 5LN,5
TQ9 5LP,5
TQ9 5LQ,4
TQ9 5LR,5
TQ9 5LS,6
TQ9 5LT,5
TQ9 5LU,4
TQ9 5LW,5
TQ9 5LX,5
TQ9 5LY,6
TQ9 5LZ,5
TQ9 5NA,5
TQ9 5NB,5
TQ9 5ND,5
TQ9 5NE,5
TQ9 5NF,4
TQ9 5NG,5
TQ9 5NH,4
TQ9 5NJ,4
TQ9 5NL,4
TQ9 5NN,4
TQ9 5NP,4
TQ9 5NQ,4
TQ9 5NR,4
TQ9 5NS,4
TQ9 5NT,4
TQ9 5NU,4
TQ9 5NW,4
TQ9 5NX,4
TQ9 5NY,4
TQ9 5NZ,4
TQ9 5PA,6
TQ9 5PB,4
TQ9 5PD,4
TQ9 5PE,4
TQ9 5PF,4
TQ9 5PG,4
TQ9 5PH,4
TQ9 5PJ,4
TQ9 5PL,4
TQ9 5PN,4
TQ9 5PP,4
TQ9 5PQ,4
TQ9 5PR,4
TQ9 5PS,4
TQ9 5PT,4
TQ9 5PU,4
TQ9 5PW,4
TQ9 5PX,4
TQ9 5PY,4
TQ9 5PZ,4
TQ9 5QA,4
TQ9 5QB,4
TQ9 5QD,4
TQ9 5QE,4
TQ9 5QF,4
TQ9 5QG,4
TQ9 5QH,4
TQ9 5QJ,5
TQ9 5QL,4
TQ9 5QN,4
TQ9 5QP,4
TQ9 5QQ,4
TQ9 5QR,4
TQ9 5QS,4
TQ9 5QT,4
TQ9 5QU,4
TQ9 5QW,4
TQ9 5QX,4
TQ9 5QY,6
TQ9 5QZ,6
TQ9 5RA,6
TQ9 5RB,6
TQ9 5RD,6
TQ9 5RE,6
TQ9 5RF,6
TQ9 5RG,6
TQ9 5RH,6
TQ9 5RJ,4
TQ9 5RL,6
TQ9 5RN,6
TQ9 5RP,4
TQ9 5RQ,6
TQ9 5RR,4
TQ9 5RS,5
TQ9 5RT,4
TQ9 5RU,4
TQ9 5RW,4
TQ9 5RX,4
TQ9 5RY,4
TQ9 5RZ,4
TQ9 5SA,4
TQ9 5SB,4
TQ9 5SD,4
TQ9 5SE,4
TQ9 5SF,4
TQ9 5SG,4
TQ9 5SH,4
TQ9 5SJ,4
TQ9 5SL,4
TQ9 5SN,4
TQ9 5SP,4
TQ9 5SQ,4
TQ9 5SR,4
TQ9 5SS,4
TQ9 5ST,4
TQ9 5SU,4
TQ9 5SW,4
TQ9 5SX,4
TQ9 5SY,4
TQ9 5SZ,4
TQ9 5TA,4
TQ9 5TB,4
TQ9 5TD,4
TQ9 5TE,4
TQ9 5TF,4
TQ9 5TG,4
TQ9 5TH,4
TQ9 5TJ,4
TQ9 5TL,4
TQ9 5TN,4
TQ9 5TP,4
TQ9 5TQ,4
TQ9 5TR,4
TQ9 5TS,4
TQ9 5TT,4
TQ9 5TU,4
TQ9 5TW,4
TQ9 5TX,4
TQ9 5TY,4
TQ9 5TZ,4
TQ9 5UA,4
TQ9 5UB,4
TQ9 5UD,4
TQ9 5UE,4
TQ9 5UF,4
TQ9 5UG,4
TQ9 5UH,4
TQ9 5UJ,4
TQ9 5UL,4
TQ9 5UN,6
TQ9 5UP,6
TQ9 5UQ,4
TQ9 5UR,6
TQ9 5US,4
TQ9 5UT,6
TQ9 5UU,4
TQ9 5UW,6
TQ9 5UX,6
TQ9 5UY,4
TQ9 5UZ,4
TQ9 5WA,4
TQ9 5WB,4
TQ9 5WD,4
TQ9 5WE,4
TQ9 5WF,4
TQ9 5WG,4
TQ9 5WH,4
TQ9 5WJ,4
TQ9 5WL,4
TQ9 5WN,4
TQ9 5WP,4
TQ9 5WQ,4
TQ9 5WR,4
TQ9 5WS,4
TQ9 5WT,4
TQ9 5WU,4
TQ9 5WW,4
TQ9 5WX,4
TQ9 5WY,4
TQ9 5WZ,4
TQ9 5XA,4
TQ9 5XB,4
TQ9 5XD,4
TQ9 5XE,4
TQ9 5XF,4
TQ9 5XG,4
TQ9 5XH,4
TQ9 5XJ,4
TQ9 5XL,4
TQ9 5XN,4
TQ9 5XP,4
TQ9 5XQ,4
TQ9 5XR,4
TQ9 5XS,4
TQ9 5XT,4
TQ9 5XU,4
TQ9 5XW,4
TQ9 5XX,4
TQ9 5XY,4
TQ9 5XZ,6
TQ9 5YA,6
TQ9 5YB,6
TQ9 5YD,6
TQ9 5YE,6
TQ9 5YF,6
TQ9 5YG,6
TQ9 5YH,6
TQ9 5YJ,6
TQ9 5YL,6
TQ9 5YN,4
TQ9 5YP,4
TQ9 5YQ,6
TQ9 5YR,4
TQ9 5YS,4
TQ9 5YT,4
TQ9 5YU,4
TQ9 5YW,4
TQ9 5YX,4
TQ9 5YY,4
TQ9 5YZ,4
TQ9 5ZA,4
TQ9 5ZB,4
TQ9 5ZD,4
TQ9 5ZE,4
TQ9 5ZF,4
TQ9 5ZG,4
TQ9 5ZH,4
TQ9 5ZJ,4
TQ9 5ZL,4
TQ9 5ZN,4
TQ9 5ZP,4
TQ9 5ZQ,4
TQ9 5ZR,4
TQ9 5ZS,4
TQ9 5ZT,4
TQ9 5ZU,4
TQ9 5ZW,4
TQ9 5ZX,4
TQ9 5ZY,4
TQ6 0SD,6
TQ6 0SE,6
TQ6 0SF,6
TQ6 0SG,5
TQ6 0SH,6
TQ6 0SJ,6
TQ6 0SZ,6
TQ6 0WG,5
TQ6 0WT,6
TQ6 0WU,6
TQ6 0WW,6
TQ6 0WY,6
TQ6 0WZ,6
TQ6 0XA,5
TQ6 0XB,6
TQ6 0XJ,6
TQ6 0YA,6
TQ6 0YB,6
TQ6 0YD,6
TQ6 0YE,6
TQ6 0YF,6
TQ6 0YG,6
TQ6 0YH,6
TQ6 0YJ,6
TQ6 0YL,6
TQ6 0YN,6
TQ6 0YP,6
TQ6 0YQ,6
TQ6 0YR,6
TQ6 0YT,6
TQ6 0ZJ,6
TQ6 0ZN,6
TQ6 0ZQ,6
TQ6 6AA,6
TQ6 6AB,6
TQ6 6AF,6
TQ6 6AG,6
TQ6 6AH,6
TQ6 6AJ,6
TQ6 6AL,6
TQ6 6AN,6
TQ6 6AQ,6
TQ6 6AR,6
TQ6 6AS,6
TQ6 6AU,6
TQ6 6AW,6
TQ6 6AX,6
TQ6 6EA,6
TQ6 9AA,6
TQ6 9AB,6
TQ6 9AD,6
TQ6 9AE,6
TQ6 9AF,6
TQ6 9AG,6
TQ6 9AH,6
TQ6 9AJ,6
TQ6 9AL,6
TQ6 9AN,6
TQ6 9AP,6
TQ6 9AQ,6
TQ6 9AR,6
TQ6 9AS,6
TQ6 9AT,6
TQ6 9AU,6
TQ6 9AW,6
TQ6 9AX,6
TQ6 9AY,6
TQ6 9AZ,6
TQ6 9BA,6
TQ6 9BB,6
TQ6 9BD,6
TQ6 9BE,6
TQ6 9BG,6
TQ6 9BH,6
TQ6 9BJ,6
TQ6 9BL,6
TQ6 9BN,6
TQ6 9BP,6
TQ6 9BQ,6
TQ6 9BS,6
TQ6 9BT,6
TQ6 9BU,6
TQ6 9BW,6
TQ6 9BX,6
TQ6 9BY,9
TQ6 9BZ,9
TQ6 9DA,9
TQ6 9DB,9
TQ6 9DD,6
TQ6 9DE,6
TQ6 9DF,6
TQ6 9DG,6
TQ6 9DH,6
TQ6 9DJ,6
TQ6 9DL,6
TQ6 9DN,9
TQ6 9DP,6
TQ6 9DQ,6
TQ6 9DR,6
TQ6 9DS,6
TQ6 9DT,6
TQ6 9DU,6
TQ6 9DW,6
TQ6 9DX,6
TQ6 9DY,6
TQ6 9DZ,6
TQ6 9EA,6
TQ6 9EB,6
TQ6 9ED,9
TQ6 9EE,9
TQ6 9EF,6
TQ6 9EG,9
TQ6 9EH,9
TQ6 9EJ,9
TQ6 9EL,9
TQ6 9EN,9
TQ6 9EP,9
TQ6 9EQ,9
TQ6 9ER,6
TQ6 9ES,9
TQ6 9ET,9
TQ6 9EU,6
TQ6 9EW,9
TQ6 9EX,9
TQ6 9EY,9
TQ6 9EZ,9
TQ6 9GA,6
TQ6 9GB,6
TQ6 9GD,6
TQ6 9GE,6
TQ6 9GH,9
TQ6 9GJ,9
TQ6 9GL,9
TQ6 9GZ,3
TQ6 9HA,9
TQ6 9HB,9
TQ6 9HD,9
TQ6 9HE,9
TQ6 9HF,9
TQ6 9HG,9
TQ6 9HH,9
TQ6 9HJ,9
TQ6 9HL,9
TQ6 9HN,9
TQ6 9HP,9
TQ6 9HQ,9
TQ6 9HR,9
TQ6 9HS,3
TQ6 9HT,6
TQ6 9HU,6
TQ6 9HW,9
TQ6 9HX,9
TQ6 9HY,9
TQ6 9HZ,9
TQ6 9JA,9
TQ6 9JB,3
TQ6 9JD,9
TQ6 9JE,6
TQ6 9JF,6
TQ6 9JG,6
TQ6 9JH,6
TQ6 9JJ,3
TQ6 9JL,3
TQ6 9JN,3
TQ6 9JP,3
TQ6 9JQ,3
TQ6 9JR,3
TQ6 9JS,3
TQ6 9JT,3
TQ6 9JU,3
TQ6 9JW,3
TQ6 9JX,3
TQ6 9JY,3
TQ6 9JZ,3
TQ6 9LA,3
TQ6 9LB,6
TQ6 9LD,3
TQ6 9LE,3
TQ6 9LF,3
TQ6 9LG,6
TQ6 9LH,3
TQ6 9LJ,6
TQ6 9LL,6
TQ6 9LN,6
TQ6 9LP,6
TQ6 9LQ,6
TQ6 9LR,3
TQ6 9LS,3
TQ6 9LT,3
TQ6 9LU,3
TQ6 9LW,9
TQ6 9LX,3
TQ6 9LY,3
TQ6 9LZ,3
TQ6 9NA,9
TQ6 9NB,6
TQ6 9ND,6
TQ6 9NE,6
TQ6 9NF,6
TQ6 9NG,6
TQ6 9NH,6
TQ6 9NJ,6
TQ6 9NL,6
TQ6 9NN,6
TQ6 9NP,6
TQ6 9NQ,9
TQ6 9NR,6
TQ6 9NS,6
TQ6 9NT,9
TQ6 9NU,9
TQ6 9NW,6
TQ6 9NX,6
TQ6 9NY,9
TQ6 9NZ,9
TQ6 9PA,9
TQ6 9PB,9
TQ6 9PD,9
TQ6 9PE,9
TQ6 9PF,6
TQ6 9PG,6
TQ6 9PH,6
TQ6 9PJ,6
TQ6 9PL,9
TQ6 9PN,6
TQ6 9PP,9
TQ6 9PQ,6
TQ6 9PR,9
TQ6 9PS,6
TQ6 9PT,6
TQ6 9PU,6
TQ6 9PW,6
TQ6 9PX,6
TQ6 9PY,6
TQ6 9PZ,6
TQ6 9QA,6
TQ6 9QB,6
TQ6 9QD,6
TQ6 9QE,6
TQ6 9QF,6
TQ6 9QG,6
TQ6 9QH,6
TQ6 9QJ,9
TQ6 9QL,9
TQ6 9QN,6
TQ6 9QP,6
TQ6 9QQ,6
TQ6 9QR,6
TQ6 9QS,6
TQ6 9QT,6
TQ6 9QU,6
TQ6 9QW,3
TQ6 9QX,6
TQ6 9QY,6
TQ6 9QZ,6
TQ6 9RA,6
TQ6 9RB,6
TQ6 9RD,6
TQ6 9RE,6
TQ6 9RF,6
TQ6 9RG,6
TQ6 9RH,9
TQ6 9RJ,6
TQ6 9RL,9
TQ6 9RN,6
TQ6 9RP,6
TQ6 9RQ,6
TQ6 9RR,6
TQ6 9RT,6
TQ6 9RU,6
TQ6 9RW,9
TQ6 9RX,6
TQ6 9RY,6
TQ6 9RZ,6
TQ6 9SA,6
TQ6 9SB,6
TQ6 9SD,6
TQ6 9SE,6
TQ6 9SF,8
TQ6 9SG,6
TQ6 9SJ,9
TQ6 9SL,9
TQ6 9SN,9
TQ6 9SP,9
TQ6 9ST,3
TQ6 9SZ,3
TQ6 9TA,6
TQ6 9TB,6
TQ6 9TD,6
TQ6 9TE,6
TQ6 9TF,6
TQ6 9TG,6
TQ6 9TP,9
TQ6 9TR,6
TQ6 9TS,6
TQ6 9TT,6
TQ6 9TU,6
TQ6 9TW,6
TQ6 9TX,6
TQ6 9TY,6
TQ6 9WA,6
TQ6 9WB,6
TQ6 9WP,6
TQ6 9WQ,6
TQ6 9WR,6
TQ6 9WS,6
TQ6 9WT,6
TQ6 9WU,6
TQ6 9WW,6
TQ6 9WY,6
TQ6 9WZ,6
TQ6 9XY,6
TQ6 9YA,9
TQ6 9YB,9
TQ6 9YD,9
TQ6 9YE,9
TQ6 9YF,9
TQ6 9YG,6
TQ6 9YH,9
TQ6 9YJ,9
TQ6 9YL,9
TQ6 9YN,9
TQ6 9YP,6
TQ6 9YQ,9
TQ6 9YR,6
TQ6 9YS,6
TQ6 9YX,9
TQ6 9YY,6
TQ6 9YZ,9
TQ6 9ZN,6
TQ6 9ZQ,6
TQ6 9ZX,6
TQ7 1AA,7
TQ7 1AB,7
TQ7 1AD,7
TQ7 1AE,7
TQ7 1AF,7
TQ7 1AG,7
TQ7 1AH,7
TQ7 1AJ,7
TQ7 1AL,7
TQ7 1AN,7
TQ7 1AP,7
TQ7 1AQ,7
TQ7 1AR,7
TQ7 1AS,7
TQ7 1AT,7
TQ7 1AU,7
TQ7 1AW,7
TQ7 1AX,7
TQ7 1AY,7
TQ7 1AZ,7
TQ7 1BA,7
TQ7 1BB,7
TQ7 1BD,7
TQ7 1BE,7
TQ7 1BG,7
TQ7 1BH,7
TQ7 1BJ,7
TQ7 1BL,7
TQ7 1BN,7
TQ7 1BP,7
TQ7 1BQ,7
TQ7 1BS,7
TQ7 1BT,7
TQ7 1BU,7
TQ7 1BW,7
TQ7 1BX,7
TQ7 1BY,7
TQ7 1BZ,7
TQ7 1DA,6
TQ7 1DB,7
TQ7 1DD,7
TQ7 1DE,7
TQ7 1DF,6
TQ7 1DG,6
TQ7 1DH,6
TQ7 1DJ,6
TQ7 1DL,6
TQ7 1DN,6
TQ7 1DP,6
TQ7 1DQ,6
TQ7 1DR,7
TQ7 1DS,6
TQ7 1DT,6
TQ7 1DU,6
TQ7 1DW,6
TQ7 1DX,7
TQ7 1DY,7
TQ7 1DZ,4
TQ7 1EA,4
TQ7 1EB,4
TQ7 1ED,7
TQ7 1EE,7
TQ7 1EF,7
TQ7 1EG,7
TQ7 1EH,4
TQ7 1EJ,4
TQ7 1EL,4
TQ7 1EN,4
TQ7 1EP,4
TQ7 1EQ,4
TQ7 1ER,4
TQ7 1ES,4
TQ7 1ET,4
TQ7 1EU,4
TQ7 1EW,4
TQ7 1EX,4
TQ7 1EY,4
TQ7 1EZ,4
TQ7 1FA,4
TQ7 1FB,4
TQ7 1FD,4
TQ7 1FE,6
TQ7 1FF,7
TQ7 1GA,7
TQ7 1GB,7
TQ7 1HA,4
TQ7 1HB,4
TQ7 1HD,4
TQ7 1HE,4
TQ7 1HF,4
TQ7 1HG,4
TQ7 1HH,4
TQ7 1HJ,4
TQ7 1HL,4
TQ7 1HN,4
TQ7 1HP,6
TQ7 1HQ,4
TQ7 1HR,4
TQ7 1HS,4
TQ7 1HT,4
TQ7 1HU,7
TQ7 1HW,4
TQ7 1HX,7
TQ7 1HY,7
TQ7 1HZ,4
TQ7 1JA,7
TQ7 1JB,7
TQ7 1JD,7
TQ7 1JE,6
TQ7 1JF,6
TQ7 1JG,6
TQ7 1JH,6
TQ7 1JJ,6
TQ7 1JL,6
TQ7 1JN,6
TQ7 1JP,6
TQ7 1JQ,4
TQ7 1JR,6
TQ7 1JS,6
TQ7 1JT,6
TQ7 1JU,6
TQ7 1JW,6
TQ7 1JX,6
TQ7 1JY,6
TQ7 1JZ,6
TQ7 1LA,6
TQ7 1LB,6
TQ7 1LD,6
TQ7 1LE,6
TQ7 1LF,6
TQ7 1LG,6
TQ7 1LH,6
TQ7 1LJ,6
TQ7 1LL,6
TQ7 1LN,6
TQ7 1LP,6
TQ7 1LQ,6
TQ7 1LR,7
TQ7 1LS,7
TQ7 1LT,7
TQ7 1LU,7
TQ7 1LW,7
TQ7 1LX,7
TQ7 1LY,7
TQ7 1LZ,7
TQ7 1NA,7
TQ7 1NB,7
TQ7 1ND,7
TQ7 1NF,7
TQ7 1NG,7
TQ7 1NH,7
TQ7 1NJ,7
TQ7 1NL,7
TQ7 1NN,6
TQ7 1NP,7
TQ7 1NQ,7
TQ7 1NR,7
TQ7 1NS,7
TQ7 1NT,7
TQ7 1NU,7
TQ7 1NW,6
TQ7 1NX,7
TQ7 1NY,7
TQ7 1NZ,7
TQ7 1PA,7
TQ7 1PB,7
TQ7 1PD,7
TQ7 1PE,7
TQ7 1PF,7
TQ7 1PG,7
TQ7 1PH,7
TQ7 1PJ,7
TQ7 1PL,4
TQ7 1PN,7
TQ7 1PP,7
TQ7 1PQ,7
TQ7 1PR,7
TQ7 1PS,7
TQ7 1PT,7
TQ7 1PU,7
TQ7 1PW,7
TQ7 1PX,7
TQ7 1PY,7
TQ7 1PZ,7
TQ7 1QA,7
TQ7 1QB,7
TQ7 1QD,7
TQ7 1QE,7
TQ7 1QF,7
TQ7 1QH,7
TQ7 1QJ,4
TQ7 1QL,7
TQ7 1QN,7
TQ7 1QP,6
TQ7 1QQ,7
TQ7 1QR,7
TQ7 1QS,4
TQ7 1QT,4
TQ7 1QU,4
TQ7 1QX,4
TQ7 1QY,4
TQ7 1RB,4
TQ7 1RD,6
TQ7 1RE,6
TQ7 1RF,4
TQ7 1RG,7
TQ7 1RH,6
TQ7 1RJ,6
TQ7 1RL,6
TQ7 1RN,6
TQ7 1RP,6
TQ7 1RQ,6
TQ7 1RR,6
TQ7 1RS,6
TQ7 1RW,6
TQ7 1RZ,7
TQ7 1SA,6
TQ7 1SB,7
TQ7 1SE,4
TQ7 1SF,7
TQ7 1SH,4
TQ7 1SJ,6
TQ7 1SP,6
TQ7 1TA,4
TQ7 1TB,4
TQ7 1TD,4
TQ7 1TP,4
TQ7 1UA,4
TQ7 1UB,4
TQ7 1UD,4
TQ7 1UE,4
TQ7 1UG,4
TQ7 1WA,7
TQ7 1WB,7
TQ7 1WD,7
TQ7 1WE,4
TQ7 1WJ,7
TQ7 1WL,7
TQ7 1WN,7
TQ7 1WP,7
TQ7 1WQ,7
TQ7 1WR,7
TQ7 1WS,7
TQ7 1WT,7
TQ7 1WU,7
TQ7 1WW,7
TQ7 1WX,7
TQ7 1WY,7
TQ7 1WZ,7
TQ7 1XQ,7
TQ7 1YA,7
TQ7 1YB,4
TQ7 1YD,4
TQ7 1YE,4
TQ7 1YF,4
TQ7 1YG,4
TQ7 1YH,4
TQ7 1YJ,4
TQ7 1YL,7
TQ7 1YN,7
TQ7 1YP,7
TQ7 1YQ,7
TQ7 1YR,7
TQ7 1YZ,4
TQ7 1ZN,7
TQ7 1ZQ,7
TQ7 1ZR,7
TQ7 1ZX,7
TQ7 2AA,5
TQ7 2AB,5
TQ7 2AD,5
TQ7 2AE,5
TQ7 2AF,5
TQ7 2AG,5
TQ7 2AH,5
TQ7 2AJ,5
TQ7 2AL,5
TQ7 2AN,5
TQ7 2AP,5
TQ7 2AQ,5
TQ7 2AR,5
TQ7 2AS,5
TQ7 2AT,5
TQ7 2AU,5
TQ7 2AW,5
TQ7 2AX,5
TQ7 2AY,5
TQ7 2AZ,5
TQ7 2BA,5
TQ7 2BB,5
TQ7 2BD,5
TQ7 2BE,5
TQ7 2BG,6
TQ7 2BH,6
TQ7 2BJ,5
TQ7 2BL,5
TQ7 2BN,5
TQ7 2BP,5
TQ7 2BQ,5
TQ7 2BR,5
TQ7 2BS,5
TQ7 2BT,5
TQ7 2BU,5
TQ7 2BW,5
TQ7 2BX,5
TQ7 2BY,5
TQ7 2BZ,5
TQ7 2DA,5
TQ7 2DB,5
TQ7 2DD,5
TQ7 2DE,5
TQ7 2DF,5
TQ7 2DG,6
TQ7 2DH,5
TQ7 2DJ,6
TQ7 2DL,6
TQ7 2DN,5
TQ7 2DP,5
TQ7 2DQ,5
TQ7 2DR,5
TQ7 2DS,6
TQ7 2DT,6
TQ7 2DU,6
TQ7 2DW,6
TQ7 2DX,7
TQ7 2DY,7
TQ7 2EA,6
TQ7 2EB,6
TQ7 2ED,6
TQ7 2EE,6
TQ7 2EF,6
TQ7 2EG,6
TQ7 2EH,6
TQ7 2EJ,6
TQ7 2EL,6
TQ7 2EN,6
TQ7 2EP,6
TQ7 2EQ,6
TQ7 2ER,6
TQ7 2ES,6
TQ7 2ET,6
TQ7 2EU,6
TQ7 2EW,6
TQ7 2EX,6
TQ7 2EY,6
TQ7 2EZ,6
TQ7 2FA,6
TQ7 2FB,6
TQ7 2FD,6
TQ7 2FE,6
TQ7 2FG,5
TQ7 2HE,7
TQ7 2HF,7
TQ7 2HG,6
TQ7 2HL,6
TQ7 2HN,6
TQ7 2HP,6
TQ7 2HQ,6
TQ7 2HR,6
TQ7 2HS,6
TQ7 2HT,6
TQ7 2HU,6
TQ7 2HW,6
TQ7 2HX,6
TQ7 2HY,6
TQ7 2HZ,6
TQ7 2JA,6
TQ7 2JB,6
TQ7 2JD,6
TQ7 2JE,6
TQ7 2JF,6
TQ7 2JG,6
TQ7 2JH,6
TQ7 2JJ,6
TQ7 2JL,6
TQ7 2JN,6
TQ7 2JP,6
TQ7 2JQ,6
TQ7 2JR,6
TQ7 2JS,6
TQ7 2JT,6
TQ7 2JU,6
TQ7 2JW,6
TQ7 2JX,6
TQ7 2JY,6
TQ7 2JZ,6
TQ7 2LA,6
TQ7 2LB,6
TQ7 2LD,6
TQ7 2LE,6
TQ7 2LF,6
TQ7 2LG,6
TQ7 2LH,6
TQ7 2LJ,6
TQ7 2LL,6
TQ7 2LN,5
TQ7 2LP,6
TQ7 2LQ,6
TQ7 2LR,6
TQ7 2LS,6
TQ7 2LT,6
TQ7 2LU,6
TQ7 2LW,6
TQ7 2LX,6
TQ7 2LY,5
TQ7 2LZ,5
TQ7 2NA,6
TQ7 2NB,5
TQ7 2ND,5
TQ7 2NE,6
TQ7 2NF,6
TQ7 2NG,6
TQ7 2NH,5
TQ7 2NJ,5
TQ7 2NL,5
TQ7 2NN,5
TQ7 2NQ,6
TQ7 2NR,5
TQ7 2NS,5
TQ7 2NT,5
TQ7 2NU,5
TQ7 2NX,5
TQ7 2NY,5
TQ7 2NZ,5
TQ7 2PA,5
TQ7 2PB,6
TQ7 2PD,5
TQ7 2PE,5
TQ7 2PF,5
TQ7 2PG,5
TQ7 2PH,6
TQ7 2PN,6
TQ7 2PP,6
TQ7 2PQ,5
TQ7 2PR,6
TQ7 2PS,6
TQ7 2PT,6
TQ7 2PU,6
TQ7 2PW,6
TQ7 2PX,6
TQ7 2PY,6
TQ7 2PZ,6
TQ7 2QA,6
TQ7 2QB,6
TQ7 2QD,6
TQ7 2QE,6
TQ7 2QF,6
TQ7 2QG,6
TQ7 2QN,6
TQ7 2QP,6
TQ7 2QR,6
TQ7 2QS,6
TQ7 2QT,6
TQ7 2QU,6
TQ7 2QW,6
TQ7 2QX,6
TQ7 2QY,6
TQ7 2QZ,6
TQ7 2RA,6
TQ7 2RB,6
TQ7 2RD,6
TQ7 2RE,6
TQ7 2RF,6
TQ7 2RL,5
TQ7 2RN,5
TQ7 2RP,5
TQ7 2RR,5
TQ7 2RS,5
TQ7 2RT,5
TQ7 2RU,5
TQ7 2RW,5
TQ7 2RX,5
TQ7 2RY,5
TQ7 2RZ,5
TQ7 2SE,6
TQ7 2SF,6
TQ7 2SG,6
TQ7 2SH,6
TQ7 2SJ,6
TQ7 2SL,6
TQ7 2SN,6
TQ7 2SP,6
TQ7 2SQ,6
TQ7 2SR,6
TQ7 2SS,6
TQ7 2ST,6
TQ7 2SU,6
TQ7 2SW,6
TQ7 2SX,6
TQ7 2SY,6
TQ7 2SZ,6
TQ7 2TA,6
TQ7 2TB,6
TQ7 2TG,6
TQ7 2TH,6
TQ7 2TJ,6
TQ7 2TL,6
TQ7 2TN,6
TQ7 2TP,4
TQ7 2TQ,6
TQ7 2TT,5
TQ7 2TW,6
TQ7 2UA,6
TQ7 2UB,6
TQ7 2UE,6
TQ7 2UT,5
TQ7 2UZ,6
TQ7 2WA,7
TQ7 2WB,7
TQ7 2WD,7
TQ7 2WT,7
TQ7 2WU,7
TQ7 2WW,7
TQ7 2WX,7
TQ7 2WY,7
TQ7 2WZ,7
TQ7 2XQ,7
TQ7 2XZ,7
TQ7 2YA,7
TQ7 2YB,6
TQ7 2YD,6
TQ7 2YE,6
TQ7 2YY,7
TQ7 2YZ,6
TQ7 2ZJ,7
TQ7 2ZN,7
TQ7 2ZQ,7
TQ7 2ZR,7
TQ7 2ZW,7
TQ7 2ZX,7
TQ7 3AA,6
TQ7 3AB,6
TQ7 3AD,6
TQ7 3AE,6
TQ7 3AF,6
TQ7 3AG,6
TQ7 3AH,6
TQ7 3AJ,6
TQ7 3AL,6
TQ7 3AN,6
TQ7 3AP,6
TQ7 3AQ,6
TQ7 3AR,6
TQ7 3AS,6
TQ7 3AU,7
TQ7 3AW,6
TQ7 3AX,6
TQ7 3AY,4
TQ7 3AZ,4
TQ7 3BA,4
TQ7 3BB,4
TQ7 3BD,4
TQ7 3BE,4
TQ7 3BG,4
TQ7 3BH,4
TQ7 3BJ,6
TQ7 3BL,6
TQ7 3BN,4
TQ7 3BP,6
TQ7 3BQ,4
TQ7 3BR,6
TQ7 3BS,6
TQ7 3BT,6
TQ7 3BU,6
TQ7 3BW,6
TQ7 3BX,6
TQ7 3BY,6
TQ7 3BZ,6
TQ7 3DA,6
TQ7 3DB,6
TQ7 3DD,6
TQ7 3DE,6
TQ7 3DF,6
TQ7 3DG,6
TQ7 3DH,6
TQ7 3DJ,6
TQ7 3DL,6
TQ7 3DN,9
TQ7 3DP,6
TQ7 3DQ,6
TQ7 3DR,6
TQ7 3DS,6
TQ7 3DT,6
TQ7 3DU,6
TQ7 3DW,6
TQ7 3DX,6
TQ7 3DY,6
TQ7 3DZ,6
TQ7 3EA,6
TQ7 3EB,6
TQ7 3ED,6
TQ7 3EE,4
TQ7 3EF,6
TQ7 3EG,6
TQ7 3EH,6
TQ7 3EJ,6
TQ7 3EL,6
TQ7 3EN,6
TQ7 3EP,6
TQ7 3EQ,6
TQ7 3ER,4
TQ7 3ES,4
TQ7 3ET,6
TQ7 3EU,6
TQ7 3EW,6
TQ7 3EY,6
TQ7 3EZ,6
TQ7 3GZ,4
TQ7 3HA,6
TQ7 3HB,6
TQ7 3HD,6
TQ7 3HE,6
TQ7 3HF,6
TQ7 3HG,6
TQ7 3HH,6
TQ7 3HJ,6
TQ7 3HL,6
TQ7 3HN,6
TQ7 3HP,6
TQ7 3HQ,6
TQ7 3HR,6
TQ7 3HS,6
TQ7 3HT,6
TQ7 3HU,6
TQ7 3HW,6
TQ7 3HX,6
TQ7 3HY,6
TQ7 3HZ,6
TQ7 3JA,6
TQ7 3JB,6
TQ7 3JD,4
TQ7 3JE,4
TQ7 3JF,6
TQ7 3JG,6
TQ7 3JH,6
TQ7 3JJ,6
TQ7 3JL,6
TQ7 3JN,6
TQ7 3JP,6
TQ7 3JQ,6
TQ7 3JR,6
TQ7 3JS,6
TQ7 3JT,6
TQ7 3JU,6
TQ7 3JW,6
TQ7 3JX,6
TQ7 3JY,6
TQ7 3JZ,6
TQ7 3LA,6
TQ7 3LB,6
TQ7 3LD,6
TQ7 3LE,6
TQ7 3LF,6
TQ7 3LG,4
TQ7 3LH,6
TQ7 3LJ,6
TQ7 3LL,4
TQ7 3LN,4
TQ7 3LP,6
TQ7 3LQ,6
TQ7 3LR,6
TQ7 3LS,6
TQ7 3LT,6
TQ7 3LU,6
TQ7 3LW,6
TQ7 3LX,6
TQ7 3LY,6
TQ7 3LZ,6
TQ7 3NA,6
TQ9 6AA,7
TQ9 6AB,7
TQ9 6AD,5
TQ9 6AE,7
TQ9 6AF,5
TQ9 6AG,5
TQ9 6AH,5
TQ9 6AJ,5
TQ9 6AL,5
TQ9 6AN,5
TQ9 6AP,5
TQ9 6AQ,5
TQ9 6AR,5
TQ9 6AS,5
TQ9 6AT,7
TQ9 6AU,7
TQ9 6AW,5
TQ9 6AX,7
TQ9 6AY,7
TQ9 6AZ,7
TQ9 6BA,7
TQ9 6BB,7
TQ9 6BD,7
TQ9 6BE,7
TQ9 6BG,7
TQ9 6BH,7
TQ9 6BJ,7
TQ9 6BL,7
TQ9 6BN,7
TQ9 6BP,7
TQ9 6BQ,7
TQ9 6BR,7
TQ9 6BS,7
TQ9 6BT,7
TQ9 6BU,5
TQ9 6BW,7
TQ9 6BX,7
TQ9 6BY,7
TQ9 6BZ,7
TQ9 6DA,7
TQ9 6DB,7
TQ9 6DD,7
TQ9 6DE,7
TQ9 6DF,7
TQ9 6DG,7
TQ9 6DH,7
TQ9 6DJ,7
TQ9 6DL,5
TQ9 6DN,5
TQ9 6DP,7
TQ9 6DQ,7
TQ9 6DR,7
TQ9 6DS,7
TQ9 6DT,7
TQ9 6DU,7
TQ9 6DW,7
TQ9 6DX,7
TQ9 6DY,7
TQ9 6DZ,7
TQ9 6EA,7
TQ9 6EB,7
TQ9 6ED,7
TQ9 6EE,7
TQ9 6EF,7
TQ9 6EG,7
TQ9 6EH,7
TQ9 6EJ,7
TQ9 6EL,7
TQ9 6EN,7
TQ9 6EP,7
TQ9 6EQ,7
TQ9 6ER,7
TQ9 6ES,7
TQ9 6ET,7
TQ9 6EU,7
TQ9 6EW,5
TQ9 6EX,7
TQ9 6EY,7
TQ9 6EZ,7
TQ9 6FA,4
TQ9 6FB,7
TQ9 6FE,5
TQ9 6FF,7
TQ9 6FG,7
TQ9 6FH,7
TQ9 6FJ,7
TQ9 6FL,7
TQ9 6FN,7
TQ9 6FP,7
TQ9 6FQ,7
TQ9 6FR,7
TQ9 6FS,7
TQ9 6FT,7
TQ9 6FU,7
TQ9 6FW,7
TQ9 6FX,7
TQ9 6FY,7
TQ9 6FZ,7
TQ9 6GA,7
TQ9 6GB,7
TQ9 6GE,7
TQ9 6GH,5
TQ9 6GN,7
TQ9 6GP,7
TQ9 6GQ,7
TQ9 6GS,6
TQ9 6GT,6
TQ9 6GU,6
TQ9 6GW,7
TQ9 6GX,7
TQ9 6GY,5
TQ9 6GZ,7
TQ9 6HA,7
TQ9 6HB,7
TQ9 6HD,7
TQ9 6HE,7
TQ9 6HF,7
TQ9 6HG,7
TQ9 6HH,7
TQ9 6HJ,7
TQ9 6HL,7
TQ9 6HN,7
TQ9 6HP,7
TQ9 6HQ,7
TQ9 6HR,7
TQ9 6HS,7
TQ9 6HT,7
TQ9 6HU,7
TQ9 6HW,7
TQ9 6HX,7
TQ9 6HY,7
TQ9 6HZ,7
TQ9 6JA,7
TQ9 6JB,7
TQ9 6JD,7
TQ9 6JE,7
TQ9 6JF,7
TQ9 6JG,7
TQ9 6JH,7
TQ9 6JJ,7
TQ9 6JL,7
TQ9 6JN,7
TQ9 6JP,7
TQ9 6JQ,7
TQ9 6JR,7
TQ9 6JS,7
TQ9 6JT,7
TQ9 6JU,7
TQ9 6JW,7
TQ9 6JX,7
TQ9 6JY,7
TQ9 6JZ,7
TQ9 6LA,7
TQ9 6LB,7
TQ9 6LD,6
TQ9 6LE,7
TQ9 6LF,7
TQ9 6LG,7
TQ9 6LH,7
TQ9 6LJ,7
TQ9 6LL,7
TQ9 6LN,7
TQ9 6LP,7
TQ9 6LQ,7
TQ9 6LR,7
TQ9 6LS,7
TQ9 6LT,7
TQ9 6LU,7
TQ9 6LW,7
TQ9 6LX,7
TQ9 6LY,7
TQ9 6LZ,7
TQ9 6NA,7
TQ9 6NB,7
TQ9 6ND,7
TQ9 6NE,7
TQ9 6NF,7
TQ9 6NG,9
TQ9 6NH,7
TQ9 6NJ,7
TQ9 6NL,7
TQ9 6NN,7
TQ9 6NQ,9
TQ9 6NR,7
TQ9 6NS,7
TQ9 6NT,7
TQ9 6NU,7
TQ9 6NX,5
TQ9 6NY,5
TQ9 6NZ,5
TQ9 6PA,5
TQ9 6PB,5
TQ9 6PD,5
TQ9 6PE,5
TQ9 6PF,5
TQ9 6PG,5
TQ9 6PH,5
TQ9 6PJ,5
TQ9 6PL,7
TQ9 6PN,7
TQ9 6PP,7
TQ9 6PQ,5
TQ9 6PR,7
TQ9 6PS,7
TQ9 6PT,7
TQ9 6PU,7
TQ9 6PW,7
TQ9 6PX,7
TQ9 6PY,7
TQ9 6PZ,7
TQ9 6QA,7
TQ9 6QB,7
TQ9 6QD,7
TQ9 6QE,7
TQ9 6QF,7
TQ9 6QG,7
TQ9 6QH,7
TQ9 6QJ,7
TQ9 6QL,7
TQ9 6QN,7
TQ9 6QP,7
TQ9 6QQ,7
TQ9 6QR,7
TQ9 6QS,7
TQ9 6QT,7
TQ9 6QU,7
TQ9 6QW,7
TQ9 6QX,7
TQ9 6QY,7
TQ9 6QZ,7
TQ9 6RA,7
TQ9 6RB,7
TQ9 6RD,7
TQ9 6RE,7
TQ9 6RF,7
TQ9 6RG,7
TQ9 6RH,7
TQ9 6RJ,7
TQ9 6RL,7
TQ9 6RN,7
TQ9 6RP,7
TQ9 6RQ,7
TQ9 6RR,7
TQ9 6RT,7
TQ9 6RU,7
TQ9 6RW,7
TQ9 6RX,7
TQ9 6RY,7
TQ9 6RZ,7
TQ9 6SA,7
TQ9 6SB,7
TQ9 6SD,7
TQ9 6SE,7
TQ9 6SF,7
TQ9 6SH,7
TQ9 6SJ,7
TQ9 6SL,7
TQ9 6SN,7
TQ9 6SP,7
TQ9 6SQ,7
TQ9 6SR,7
TQ9 6SS,7
TQ9 6ST,7
TQ9 6SU,7
TQ9 6SW,7
TQ9 6SX,7
TQ9 6SY,7
TQ9 6SZ,7
TQ9 6TA,7
TQ9 6TD,7
TQ9 6TE,7
TQ9 6TH,7
TQ9 6TJ,7
TQ9 6TL,7
TQ9 6TN,7
TQ9 6TQ,7
TQ9 6TR,7
TQ9 6TS,7
TQ9 6TT,7
TQ9 6TW,7
TQ9 6UA,7
TQ9 6UB,7
TQ9 6UD,7
TQ9 6UE,7
TQ9 6UF,7
TQ9 6UQ,7
TQ9 6WA,7
TQ9 6WX,4
TQ9 6WY,4
TQ9 6WZ,4
TQ9 6XA,7
TQ9 6XB,4
TQ9 6XJ,4
TQ9 6XP,4
TQ9 6XT,7
TQ9 6XU,4
TQ9 6XW,4
TQ9 6XX,7
TQ9 6XY,4
TQ9 6XZ,7
TQ9 6YA,4
TQ9 6YB,4
TQ9 6YD,7
TQ9 6YE,4
TQ9 6YF,4
TQ9 6YG,4
TQ9 6YH,7
TQ9 6YJ,7
TQ9 6YL,7
TQ9 6YN,7
TQ9 6YP,7
TQ9 6YQ,4
TQ9 6YR,4
TQ9 6YS,4
TQ9 6YT,4
TQ9 6YU,4
TQ9 6YW,7
TQ9 6YX,7
TQ9 6YY,7
TQ9 6YZ,7
TQ9 6ZA,4
TQ9 6ZB,7
TQ9 6ZD,7
TQ9 6ZE,4
TQ9 6ZF,4
TQ9 6ZG,4
TQ9 6ZN,4
TQ9 6ZP,4
TQ9 6ZQ,4
TQ9 6ZW,4
TQ9 6ZX,4
TQ9 7AA,6
TQ9 7AB,6
TQ9 7AD,6
TQ9 7AE,6
TQ9 7AF,6
TQ9 7AG,6
TQ9 7AH,6
TQ9 7AJ,6
TQ9 7AL,6
TQ9 7AN,6
TQ9 7AP,6
TQ9 7AQ,6
TQ9 7AR,6
TQ9 7AS,4
TQ9 7AT,6
TQ9 7AU,6
TQ9 7AW,6
TQ9 7AX,6
TQ9 7AY,6
TQ9 7AZ,6
TQ9 7BA,6
TQ9 7BB,6
TQ9 7BD,6
TQ9 7BE,6
TQ9 7BG,6
TQ9 7BH,6
TQ9 7BJ,6
TQ9 7BL,6
TQ9 7BN,6
TQ9 7BP,6
TQ9 7BQ,6
TQ9 7BS,6
TQ9 7BT,6
TQ9 7BU,6
TQ9 7BW,6
TQ9 7BX,6
TQ9 7BY,4
TQ9 7BZ,6
TQ9 7DA,6
TQ9 7DB,6
TQ9 7DD,6
TQ9 7DE,6
TQ9 7DF,6
TQ9 7DG,6
TQ9 7DH,6
TQ9 7DJ,6
TQ9 7DL,6
TQ9 7DN,6
TQ9 7DP,6
TQ9 7DQ,6
TQ9 7DR,6
TQ9 7DT,6
TQ9 7DU,4
TQ9 7DW,6
TQ9 7DX,6
TQ9 7DY,6
TQ9 7DZ,6
TQ9 7EA,6
TQ9 7EB,6
TQ9 7ED,6
TQ9 7EE,6
TQ9 7EF,5
TQ9 7EG,6
TQ9 7EH,6
TQ9 7EJ,6
TQ9 7EL,6
TQ9 7EN,6
TQ9 7EP,6
TQ9 7EQ,6
TQ9 7ER,6
TQ9 7ES,6
TQ9 7ET,6
TQ9 7EU,6
TQ9 7EW,6
TQ9 7EX,6
TQ9 7EY,6
TQ9 7EZ,6
TQ9 7FA,6
TQ9 7FB,5
TQ9 7FE,6
TQ9 7FF,6
TQ9 7FG,5
TQ9 7FH,6
TQ9 7FJ,6
TQ9 7FL,5
TQ9 7FN,6
TQ9 7HA,6
TQ9 7HB,6
TQ9 7HD,6
TQ9 7HE,6
TQ9 7HF,6
TQ9 7HG,6
TQ9 7HH,6
TQ9 7HJ,6
TQ9 7HL,6
TQ9 7HN,6
TQ9 7HP,6
TQ9 7HQ,6
TQ9 7HR,6
TQ9 7HS,6
TQ9 7HT,5
TQ9 7HU,5
TQ9 7HW,6
TQ9 7HX,6
TQ9 7HY,5
TQ9 7HZ,6
TQ9 7JA,6
TQ9 7JB,6
TQ9 7JD,6
TQ9 7JE,6
TQ9 7JF,6
TQ9 7JG,6
TQ9 7JH,6
TQ9 7JJ,6
TQ9 7JL,6
TQ9 7JN,6
TQ9 7JP,6
TQ9 7JQ,6
TQ9 7JR,5
TQ9 7JS,5
TQ9 7JT,5
TQ9 7JU,5
TQ9 7JW,5
TQ9 7JX,5
TQ9 7JY,5
TQ9 7JZ,5
TQ9 7LA,5
TQ9 7LB,5
TQ9 7LD,6
TQ9 7LE,6
TQ9 7LF,5
TQ9 7LG,6
TQ9 7LH,6
TQ9 7LJ,5
TQ9 7LL,5
TQ9 7LN,5
TQ9 7LP,5
TQ9 7LQ,6
TQ9 7LR,5
TQ9 7LS,7
TQ9 7LT,5
TQ9 7LU,5
TQ9 7LW,5
TQ9 7LX,5
TQ9 7LY,5
TQ9 7LZ,5
TQ9 7NA,5
TQ9 7NB,5
TQ9 7ND,5
TQ9 7NE,5
TQ9 7NF,5
TQ9 7NG,5
TQ9 7NH,5
TQ9 7NJ,5
TQ9 7NL,5
TQ9 7NN,5
TQ9 7NP,5
TQ9 7NQ,5
TQ9 7NT,6
TQ9 7NU,5
TQ9 7NW,5
TQ9 7NX,5
TQ9 7NY,5
TQ9 7NZ,5
TQ9 7PA,5
TQ9 7PB,5
TQ9 7PD,5
TQ9 7PE,7
TQ9 7PF,7
TQ9 7PG,7
TQ9 7PH,5
TQ9 7PJ,5
TQ9 7PL,5
TQ9 7PN,4
TQ9 7PP,5
TQ9 7PQ,6
TQ9 7PR,5
TQ9 7PS,5
TQ9 7PT,5
TQ9 7PU,5
TQ9 7PW,4
TQ9 7PX,6
TQ9 7PY,6
TQ9 7PZ,6
TQ9 7QA,6
TQ9 7QB,6
TQ9 7QD,6
TQ9 7QE,6
TQ9 7QF,6
TQ9 7QG,6
TQ9 7QH,6
TQ9 7QJ,6
TQ9 7QL,6
TQ9 7QN,6
TQ9 7QP,6
TQ9 7QQ,6
TQ9 7QR,6
TQ9 7QS,6
TQ9 7QT,6
TQ9 7QU,6
TQ9 7QW,6
TQ9 7QX,6
TQ9 7QY,6
TQ9 7QZ,6
TQ9 7RA,6
TQ9 7RB,6
TQ9 7RD,6
TQ9 7RE,6
TQ9 7RF,6
TQ9 7RG,6
TQ9 7RH,6
TQ9 7RJ,6
TQ9 7RL,6
TQ9 7RN,6
TQ9 7RP,6
TQ9 7RQ,6
TQ9 7RR,6
TQ9 7RS,5
TQ9 7RT,6
TQ9 7RU,6
TQ9 7RW,6
TQ9 7RX,4
TQ9 7RY,4
TQ9 7RZ,5
TQ9 7SA,5
TQ9 7SB,5
TQ9 7SD,5
TQ9 7SE,5
TQ9 7SF,5
TQ9 7SG,5
TQ9 7SH,5
TQ9 7SJ,5
TQ9 7SL,5
TQ9 7SN,5
TQ9 7SP,5
TQ9 7SQ,5
TQ9 7SR,5
TQ9 7SS,5
TQ9 7ST,5
TQ9 7SU,5
TQ9 7SW,5
TQ9 7SX,5
TQ9 7SY,5
TQ9 7SZ,5
TQ9 7TA,5
TQ9 7TB,5
TQ9 7TD,5
TQ9 7TE,5
TQ9 7TF,5
TQ9 7TG,5
TQ9 7TH,5
TQ9 7TJ,5
TQ9 7TL,5
TQ9 7TN,5
TQ9 7TP,5
TQ9 7TQ,5
TQ9 7TR,5
TQ9 7TS,5
TQ9 7TT,5
TQ9 7TU,5
TQ9 7TW,5
TQ9 7TX,5
TQ9 7TY,5
TQ9 7TZ,6
TQ9 7UA,5
TQ9 7UB,6
TQ9 7UD,6
TQ9 7UE,6
TQ9 7UF,6
TQ9 7UG,5
TQ9 7UH,5
TQ9 7UL,6
TQ9 7UN,6
TQ9 7UP,6
TQ9 7UR,6
TQ9 7UT,6
TQ9 7UU,6
TQ9 7UW,6
TQ9 7UX,6
TQ9 7UY,6
TQ9 7UZ,6
TQ9 7WA,4
TQ9 7WB,6
TQ9 7WD,4
TQ9 7WE,4
TQ9 7WG,4
TQ9 7WY,4
TQ9 7WZ,6
TQ9 7XA,6
TQ9 7XG,6
TQ9 7XQ,4
TQ9 7YA,6
TQ9 7YB,6
TQ9 7YD,4
TQ9 7YE,6
TQ9 7YF,6
TQ9 7YG,6
TQ9 7YH,6
TQ9 7YJ,6
TQ9 7YL,6
TQ9 7YN,6
TQ9 7YP,6
TQ9 7YQ,6
TQ9 7YR,4
TQ9 7YS,4
TQ9 7YT,6
TQ9 7YU,4
TQ9 7YW,6
TQ9 7YX,4
TQ9 7YY,4
TQ9 7YZ,4
TQ9 7ZD,4
TQ9 7ZQ,4
TQ9 7ZR,4
TQ9 7ZX,4
TQ9 9AA,4
TQ9 9AB,4
TQ9 9AD,4
TQ9 9AE,4
TQ9 9AF,4
TQ9 9AG,4
TQ9 9AH,4
TQ9 9AJ,4
TQ9 9AL,4
TQ9 9AN,4
TQ9 9AP,4
TQ9 9AQ,4
TQ9 9AR,4
TQ9 9AS,4
TQ9 9AT,4
TQ9 9AU,4
TQ9 9AW,4
TQ9 9AX,4
TQ9 9AY,4
TQ9 9AZ,4
TQ9 9BA,4
TQ9 9BB,4
TQ9 9BD,4
TQ9 9BE,4
TQ9 9BF,4
TQ9 9BG,4
TQ9 9BH,4
TQ9 9BJ,4
TQ9 9BL,4
TQ9 9BN,4
TQ9 9BP,4
TQ9 9BQ,4
TQ9 9BR,4
TQ9 9BS,4
TQ9 9BT,4
TQ9 9BU,4
TQ9 9BW,4
TQ9 9BX,4
TQ9 9BY,4
TQ9 9BZ,4
TQ9 9DA,4
TQ9 9DB,4
TQ9 9DD,4
TQ9 9DE,4
TQ9 9DF,4
TQ9 9DG,4
TQ9 9DH,4
TQ9 9DJ,4
TQ9 9DL,4
TQ9 9DN,4
TQ9 9DP,4
TQ9 9DQ,4
TQ9 9DR,4
TQ9 9DS,4
TQ9 9DT,4
TQ9 9DU,4
TQ9 9DW,4
TQ9 9DX,4
TQ9 9DY,4
TQ9 9DZ,4
TQ9 9EA,4
TQ9 9EB,4
TQ9 9ED,4
TQ9 9EE,4
TQ9 9EF,4
TQ9 9EG,4
TQ9 9EH,4
TQ9 9EJ,4
TQ9 9EL,4
TQ9 9EN,4
TQ9 9EP,4
TQ9 9EQ,4
TQ9 9ER,4
TQ9 9ES,4
TQ9 9ET,4
TQ9 9EU,4
TQ9 9EW,4
TQ9 9EX,4
TQ9 9EY,4
TQ9 9EZ,4
TQ9 9FA,4
TQ9 9FB,4
TQ9 9FD,4
TQ9 9FE,4
TQ9 9FF,4
TQ9 9FG,4
TQ9 9FH,4
TQ9 9FJ,4
TQ9 9FL,4
TQ9 9FN,4
TQ9 9FP,4
TQ9 9FQ,4
TQ9 9SA,5
TQ9 9SB,5
TQ9 9SD,5
TQ9 9SE,5
TQ9 9SF,5
TQ9 9SG,5
TQ9 9SH,5
TQ9 9SJ,5
TQ9 9SL,5
TQ9 9SN,5
TQ9 9SP,5
TQ9 9SQ,5
TQ9 9SR,5
TQ9 9SS,5
TQ9 9ST,5
TQ9 9SU,5
TQ9 9SW,5
TQ9 9SX,5
TQ9 9SY,5
TQ9 9SZ,5
TQ9 9TA,5
TQ9 9TB,5
TQ9 9TD,5
TQ9 9TE,5
TQ9 9TF,5
TQ9 9TG,5
TQ9 9TH,5
TQ9 9TJ,5
TQ9 9TL,5
TQ9 9TP,5
TQ9 9TQ,5
TQ9 9ZZ,4
